# LABEL secstruct CLASSES [-HETSGBI]

   1 K -  0.564 0.018 0.185 0.062 0.117 0.029 0.021 0.005
   2 V -  0.556 0.028 0.210 0.047 0.099 0.028 0.025 0.006
   3 E -  0.630 0.027 0.125 0.052 0.115 0.027 0.019 0.005
   4 P -  0.379 0.191 0.083 0.146 0.117 0.051 0.021 0.012
   5 V H  0.161 0.502 0.062 0.126 0.066 0.054 0.015 0.015
   6 G H  0.205 0.333 0.079 0.188 0.097 0.062 0.018 0.016
   7 N H  0.223 0.452 0.061 0.097 0.082 0.053 0.017 0.015
   8 A H  0.127 0.612 0.079 0.064 0.046 0.041 0.017 0.015
   9 Y H  0.075 0.702 0.043 0.077 0.037 0.045 0.010 0.012
  10 G H  0.100 0.548 0.049 0.161 0.065 0.051 0.012 0.014
  11 H H  0.143 0.594 0.059 0.068 0.054 0.051 0.016 0.014
  12 W H  0.104 0.656 0.077 0.052 0.037 0.044 0.014 0.015
  13 T H  0.081 0.631 0.031 0.135 0.047 0.055 0.008 0.012
  14 K H  0.071 0.560 0.021 0.209 0.059 0.058 0.009 0.012
  15 H H  0.194 0.385 0.074 0.151 0.094 0.061 0.021 0.019
  16 G H  0.217 0.280 0.083 0.210 0.116 0.057 0.022 0.016
  17 K T  0.127 0.248 0.030 0.372 0.117 0.084 0.011 0.011
  18 E T  0.157 0.233 0.057 0.311 0.130 0.081 0.018 0.014
  19 F -  0.415 0.142 0.115 0.105 0.128 0.054 0.028 0.013
  20 P T  0.292 0.068 0.039 0.316 0.191 0.068 0.017 0.008
  21 E -  0.311 0.065 0.061 0.295 0.174 0.067 0.018 0.008
  22 Y -  0.536 0.082 0.138 0.062 0.110 0.035 0.027 0.010
  23 Q -  0.499 0.046 0.080 0.129 0.187 0.035 0.017 0.008
  24 N -  0.510 0.091 0.089 0.099 0.154 0.027 0.020 0.011
  25 A H  0.030 0.846 0.014 0.052 0.017 0.025 0.004 0.012
  26 K H  0.026 0.860 0.011 0.057 0.015 0.021 0.003 0.008
  27 Q H  0.029 0.897 0.011 0.026 0.010 0.016 0.003 0.007
  28 Y H  0.028 0.888 0.019 0.023 0.010 0.018 0.005 0.010
  29 V H  0.019 0.907 0.015 0.023 0.010 0.016 0.003 0.007
  30 D H  0.014 0.914 0.011 0.028 0.008 0.017 0.002 0.006
  31 A H  0.018 0.902 0.015 0.026 0.009 0.019 0.003 0.007
  32 A H  0.028 0.873 0.024 0.027 0.011 0.022 0.006 0.010
  33 H H  0.019 0.892 0.014 0.032 0.011 0.021 0.003 0.009
  34 N H  0.024 0.869 0.015 0.046 0.012 0.022 0.003 0.010
  35 F H  0.046 0.814 0.031 0.041 0.018 0.027 0.008 0.015
  36 M H  0.058 0.726 0.036 0.086 0.031 0.038 0.009 0.016
  37 T H  0.073 0.534 0.027 0.230 0.056 0.054 0.009 0.017
  38 N -  0.304 0.202 0.053 0.215 0.134 0.057 0.018 0.017
  39 P -  0.565 0.058 0.073 0.087 0.147 0.039 0.022 0.008
  40 P -  0.523 0.043 0.090 0.109 0.160 0.043 0.025 0.008
  41 P T  0.190 0.085 0.037 0.430 0.160 0.077 0.013 0.008
  42 G T  0.206 0.037 0.070 0.408 0.214 0.042 0.015 0.007
  43 T -  0.394 0.041 0.273 0.096 0.124 0.037 0.027 0.008
  44 L E  0.195 0.019 0.698 0.017 0.040 0.011 0.016 0.004
  45 T E  0.173 0.015 0.746 0.014 0.029 0.009 0.012 0.003
  46 K E  0.159 0.009 0.771 0.012 0.029 0.007 0.011 0.002
  47 T E  0.166 0.014 0.755 0.012 0.032 0.008 0.010 0.002
  48 R E  0.355 0.022 0.495 0.024 0.066 0.016 0.018 0.004
  49 P T  0.202 0.047 0.084 0.399 0.200 0.045 0.015 0.008
  50 N T  0.148 0.037 0.035 0.531 0.186 0.047 0.010 0.006
  51 G T  0.234 0.025 0.121 0.333 0.236 0.030 0.016 0.005
  52 D E  0.352 0.019 0.418 0.058 0.107 0.018 0.022 0.005
  53 T E  0.116 0.015 0.812 0.011 0.025 0.008 0.011 0.002
  54 L E  0.067 0.010 0.897 0.004 0.010 0.004 0.007 0.002
  55 Y E  0.085 0.018 0.863 0.006 0.013 0.005 0.008 0.002
  56 Y E  0.103 0.024 0.826 0.008 0.018 0.007 0.011 0.003
  57 N E  0.227 0.028 0.668 0.012 0.036 0.010 0.017 0.004
  58 P T  0.183 0.142 0.164 0.261 0.148 0.068 0.021 0.014
  59 V T  0.092 0.106 0.062 0.524 0.133 0.064 0.010 0.010
  60 T T  0.216 0.097 0.100 0.307 0.183 0.064 0.019 0.014
  61 N T  0.221 0.051 0.212 0.234 0.209 0.041 0.021 0.010
  62 V E  0.147 0.025 0.738 0.019 0.040 0.011 0.015 0.004
  63 F E  0.079 0.020 0.866 0.006 0.013 0.005 0.008 0.002
  64 A E  0.108 0.031 0.807 0.009 0.019 0.008 0.014 0.004
  65 S E  0.133 0.037 0.765 0.012 0.025 0.010 0.014 0.004
  66 K E  0.196 0.045 0.674 0.015 0.036 0.013 0.016 0.005
  67 D -  0.407 0.029 0.378 0.037 0.105 0.019 0.019 0.006
  68 I T  0.130 0.107 0.050 0.467 0.164 0.061 0.012 0.009
  69 N T  0.127 0.064 0.037 0.535 0.163 0.057 0.009 0.008
  70 G T  0.193 0.054 0.073 0.398 0.216 0.041 0.017 0.008
  71 V -  0.422 0.035 0.220 0.103 0.162 0.028 0.023 0.008
  72 P E  0.289 0.053 0.526 0.029 0.050 0.019 0.025 0.007
  73 R E  0.264 0.043 0.506 0.047 0.089 0.021 0.023 0.008
  74 T E  0.183 0.050 0.647 0.028 0.048 0.017 0.021 0.007
  75 M E  0.144 0.046 0.731 0.015 0.028 0.013 0.017 0.005
  76 F E  0.166 0.043 0.709 0.017 0.032 0.012 0.016 0.005
  77 K E  0.245 0.040 0.565 0.035 0.075 0.018 0.018 0.006
  78 P -  0.418 0.062 0.323 0.045 0.093 0.026 0.025 0.007
  79 E -  0.312 0.077 0.088 0.254 0.187 0.057 0.017 0.009
  80 K -  0.293 0.098 0.049 0.280 0.195 0.061 0.016 0.009
  81 G H  0.240 0.253 0.054 0.210 0.146 0.061 0.020 0.016
  82 I H  0.073 0.684 0.034 0.096 0.045 0.048 0.009 0.011
  83 E H  0.079 0.707 0.031 0.080 0.039 0.046 0.007 0.010
  84 Y H  0.067 0.756 0.038 0.050 0.031 0.038 0.009 0.012
  85 W H  0.063 0.763 0.040 0.046 0.030 0.037 0.009 0.012
  86 N H  0.050 0.784 0.023 0.063 0.027 0.036 0.006 0.010
  87 K H  0.050 0.778 0.021 0.071 0.028 0.037 0.006 0.010
  88 Q H  0.077 0.711 0.044 0.064 0.037 0.042 0.011 0.014
