# LABEL secstruct CLASSES [-HETSGBI]

   1 K -  0.564 0.024 0.168 0.070 0.117 0.031 0.021 0.005
   2 V -  0.551 0.043 0.194 0.052 0.094 0.033 0.026 0.007
   3 E -  0.594 0.048 0.125 0.063 0.112 0.031 0.020 0.007
   4 P H  0.272 0.347 0.066 0.147 0.085 0.049 0.019 0.015
   5 V H  0.117 0.611 0.045 0.110 0.045 0.047 0.012 0.015
   6 G H  0.135 0.456 0.066 0.185 0.069 0.056 0.016 0.017
   7 N H  0.132 0.606 0.041 0.091 0.051 0.051 0.013 0.015
   8 A H  0.093 0.698 0.057 0.059 0.031 0.035 0.014 0.013
   9 Y H  0.045 0.789 0.024 0.068 0.021 0.036 0.006 0.010
  10 G H  0.064 0.602 0.040 0.180 0.049 0.043 0.009 0.013
  11 H H  0.109 0.654 0.043 0.070 0.045 0.054 0.013 0.013
  12 W H  0.111 0.658 0.062 0.058 0.035 0.047 0.014 0.014
  13 T H  0.049 0.687 0.021 0.142 0.031 0.052 0.006 0.011
  14 K H  0.049 0.624 0.016 0.203 0.040 0.050 0.006 0.011
  15 H H  0.171 0.392 0.062 0.181 0.092 0.064 0.020 0.018
  16 G T  0.201 0.253 0.069 0.264 0.119 0.055 0.023 0.015
  17 K T  0.108 0.239 0.028 0.404 0.111 0.087 0.012 0.011
  18 E T  0.144 0.224 0.059 0.341 0.119 0.082 0.018 0.013
  19 F -  0.433 0.134 0.114 0.100 0.123 0.054 0.031 0.012
  20 P T  0.300 0.065 0.041 0.302 0.192 0.071 0.020 0.008
  21 E -  0.311 0.062 0.063 0.304 0.164 0.072 0.017 0.007
  22 Y -  0.585 0.073 0.111 0.057 0.106 0.033 0.028 0.008
  23 Q -  0.505 0.039 0.075 0.124 0.199 0.036 0.016 0.007
  24 N -  0.519 0.105 0.070 0.098 0.150 0.027 0.020 0.012
  25 A H  0.012 0.924 0.005 0.028 0.005 0.015 0.002 0.010
  26 K H  0.008 0.934 0.003 0.031 0.003 0.012 0.001 0.006
  27 Q H  0.011 0.949 0.003 0.016 0.003 0.011 0.002 0.006
  28 Y H  0.012 0.944 0.007 0.012 0.003 0.012 0.003 0.007
  29 V H  0.006 0.964 0.004 0.009 0.002 0.009 0.001 0.005
  30 D H  0.004 0.959 0.002 0.016 0.002 0.012 0.001 0.004
  31 A H  0.007 0.946 0.006 0.016 0.003 0.015 0.002 0.006
  32 A H  0.009 0.938 0.008 0.016 0.003 0.015 0.003 0.008
  33 H H  0.009 0.938 0.005 0.021 0.004 0.014 0.002 0.007
  34 N H  0.013 0.916 0.004 0.037 0.005 0.015 0.002 0.009
  35 F H  0.028 0.870 0.016 0.038 0.009 0.019 0.006 0.015
  36 M H  0.042 0.765 0.028 0.086 0.023 0.030 0.008 0.017
  37 T H  0.065 0.530 0.018 0.264 0.055 0.045 0.007 0.016
  38 N -  0.348 0.139 0.047 0.233 0.155 0.048 0.017 0.014
  39 P -  0.621 0.035 0.065 0.071 0.150 0.031 0.021 0.006
  40 P -  0.576 0.028 0.084 0.094 0.155 0.036 0.023 0.006
  41 P T  0.182 0.067 0.036 0.468 0.154 0.076 0.011 0.007
  42 G T  0.202 0.030 0.071 0.419 0.220 0.038 0.014 0.006
  43 T -  0.427 0.038 0.282 0.076 0.113 0.032 0.025 0.007
  44 L E  0.178 0.023 0.717 0.016 0.036 0.011 0.016 0.003
  45 T E  0.193 0.016 0.720 0.015 0.032 0.010 0.012 0.002
  46 K E  0.155 0.011 0.774 0.013 0.029 0.007 0.010 0.002
  47 T E  0.158 0.017 0.761 0.014 0.030 0.009 0.009 0.002
  48 R E  0.314 0.020 0.557 0.021 0.057 0.014 0.015 0.003
  49 P T  0.180 0.046 0.089 0.438 0.185 0.041 0.013 0.007
  50 N T  0.138 0.034 0.037 0.553 0.180 0.044 0.009 0.005
  51 G T  0.250 0.026 0.162 0.304 0.209 0.029 0.016 0.005
  52 D E  0.317 0.020 0.475 0.049 0.095 0.017 0.021 0.005
  53 T E  0.122 0.014 0.808 0.011 0.025 0.008 0.010 0.002
  54 L E  0.072 0.012 0.885 0.005 0.013 0.005 0.007 0.002
  55 Y E  0.094 0.019 0.845 0.008 0.017 0.007 0.008 0.002
  56 Y E  0.098 0.030 0.822 0.009 0.019 0.008 0.011 0.003
  57 N E  0.209 0.023 0.689 0.013 0.037 0.010 0.015 0.004
  58 P T  0.179 0.152 0.174 0.247 0.137 0.077 0.022 0.012
  59 V T  0.097 0.119 0.052 0.519 0.126 0.066 0.010 0.010
  60 T T  0.221 0.105 0.082 0.316 0.176 0.066 0.019 0.014
  61 N T  0.227 0.069 0.174 0.262 0.182 0.051 0.023 0.012
  62 V E  0.199 0.028 0.658 0.023 0.052 0.015 0.020 0.005
  63 F E  0.110 0.019 0.822 0.008 0.018 0.008 0.012 0.003
  64 A E  0.159 0.059 0.691 0.017 0.030 0.016 0.021 0.006
