# LABEL secstruct CLASSES [-HETSGBI]

   1 A H  0.122 0.612 0.026 0.113 0.052 0.048 0.010 0.016
   2 K H  0.058 0.791 0.016 0.066 0.024 0.031 0.005 0.010
   3 Q H  0.039 0.854 0.014 0.042 0.016 0.023 0.004 0.009
   4 Y H  0.035 0.859 0.019 0.035 0.015 0.022 0.005 0.010
   5 V H  0.026 0.879 0.021 0.028 0.013 0.020 0.004 0.008
   6 D H  0.017 0.898 0.014 0.032 0.009 0.020 0.003 0.006
   7 A H  0.020 0.887 0.014 0.034 0.011 0.022 0.004 0.008
   8 A H  0.033 0.850 0.028 0.032 0.014 0.025 0.007 0.009
   9 H H  0.025 0.872 0.017 0.035 0.014 0.025 0.004 0.008
  10 N H  0.027 0.860 0.017 0.045 0.013 0.026 0.004 0.009
  11 F H  0.048 0.808 0.033 0.039 0.020 0.031 0.009 0.013
  12 M H  0.053 0.755 0.036 0.066 0.028 0.040 0.009 0.014
  13 T H  0.073 0.577 0.030 0.190 0.048 0.058 0.009 0.015
  14 N -  0.288 0.218 0.046 0.217 0.130 0.067 0.019 0.015
  15 P -  0.575 0.056 0.061 0.087 0.145 0.044 0.023 0.008
  16 P -  0.538 0.037 0.066 0.117 0.166 0.045 0.024 0.007
  17 P T  0.204 0.077 0.032 0.412 0.169 0.084 0.013 0.008
  18 G T  0.207 0.032 0.060 0.403 0.228 0.046 0.016 0.007
  19 T -  0.365 0.047 0.265 0.112 0.125 0.045 0.032 0.009
  20 L E  0.133 0.013 0.789 0.012 0.028 0.007 0.015 0.003
  21 T E  0.136 0.005 0.823 0.005 0.016 0.004 0.011 0.002
  22 K E  0.091 0.003 0.882 0.003 0.011 0.002 0.008 0.001
  23 T E  0.097 0.002 0.872 0.003 0.016 0.002 0.006 0.001
  24 R E  0.311 0.014 0.574 0.017 0.053 0.012 0.016 0.003
  25 P T  0.134 0.057 0.064 0.486 0.187 0.050 0.014 0.008
  26 N T  0.104 0.034 0.032 0.601 0.164 0.050 0.009 0.006
  27 G T  0.197 0.013 0.136 0.378 0.232 0.024 0.015 0.005
  28 D E  0.330 0.006 0.517 0.033 0.080 0.011 0.020 0.003
  29 T E  0.065 0.003 0.908 0.003 0.010 0.002 0.007 0.001
  30 L E  0.032 0.001 0.961 0.000 0.002 0.001 0.003 0.000
  31 Y E  0.043 0.001 0.947 0.001 0.003 0.001 0.004 0.000
  32 Y E  0.060 0.002 0.921 0.001 0.006 0.002 0.006 0.001
  33 N E  0.195 0.007 0.745 0.006 0.025 0.005 0.014 0.002
  34 P T  0.143 0.166 0.181 0.264 0.131 0.076 0.022 0.017
  35 V T  0.061 0.118 0.056 0.558 0.118 0.071 0.009 0.010
  36 T T  0.177 0.094 0.100 0.346 0.181 0.068 0.019 0.015
  37 N E  0.204 0.041 0.254 0.224 0.205 0.039 0.022 0.011
  38 V E  0.119 0.007 0.824 0.008 0.024 0.004 0.011 0.002
  39 F E  0.052 0.003 0.931 0.001 0.005 0.001 0.006 0.001
  40 A E  0.064 0.006 0.908 0.002 0.007 0.002 0.008 0.001
  41 S E  0.078 0.006 0.890 0.003 0.010 0.003 0.009 0.002
  42 K E  0.134 0.013 0.806 0.006 0.020 0.005 0.012 0.003
  43 D E  0.386 0.013 0.440 0.031 0.094 0.015 0.016 0.005
  44 I T  0.114 0.124 0.055 0.465 0.158 0.063 0.012 0.009
  45 N T  0.089 0.050 0.031 0.620 0.141 0.054 0.007 0.007
  46 G T  0.168 0.048 0.074 0.440 0.214 0.035 0.015 0.007
  47 V -  0.421 0.025 0.273 0.082 0.149 0.021 0.022 0.007
  48 P E  0.258 0.025 0.627 0.017 0.036 0.013 0.020 0.005
  49 R E  0.228 0.022 0.587 0.042 0.081 0.015 0.020 0.005
  50 T E  0.152 0.017 0.758 0.015 0.031 0.008 0.016 0.004
  51 M E  0.127 0.015 0.811 0.007 0.018 0.006 0.013 0.003
  52 F E  0.136 0.018 0.792 0.009 0.021 0.007 0.013 0.003
  53 K E  0.245 0.024 0.585 0.034 0.075 0.016 0.017 0.005
  54 P -  0.445 0.043 0.322 0.043 0.091 0.024 0.026 0.006
  55 E -  0.298 0.067 0.091 0.272 0.188 0.059 0.017 0.009
  56 K -  0.289 0.099 0.050 0.280 0.196 0.061 0.017 0.009
  57 G H  0.223 0.283 0.054 0.211 0.135 0.057 0.021 0.017
  58 I H  0.052 0.753 0.027 0.078 0.032 0.041 0.007 0.010
  59 E H  0.048 0.786 0.025 0.062 0.027 0.039 0.006 0.009
  60 Y H  0.052 0.798 0.035 0.041 0.023 0.033 0.008 0.011
  61 W H  0.048 0.816 0.030 0.036 0.022 0.030 0.008 0.010
  62 N H  0.031 0.847 0.018 0.045 0.017 0.029 0.004 0.009
  63 K H  0.031 0.842 0.016 0.052 0.017 0.030 0.004 0.008
  64 Q H  0.057 0.770 0.036 0.052 0.026 0.036 0.009 0.013
