# LABEL secstruct CLASSES [-HETSGBI]

   1 S -  0.496 0.172 0.040 0.101 0.116 0.044 0.019 0.013
   2 Q H  0.072 0.727 0.012 0.103 0.026 0.042 0.006 0.013
   3 E H  0.046 0.798 0.008 0.083 0.017 0.034 0.004 0.010
   4 T H  0.044 0.852 0.009 0.044 0.010 0.023 0.005 0.012
   5 R H  0.025 0.897 0.006 0.035 0.007 0.020 0.003 0.008
   6 K H  0.022 0.888 0.005 0.046 0.007 0.022 0.003 0.007
   7 K H  0.021 0.897 0.006 0.034 0.007 0.025 0.003 0.006
   8 C H  0.025 0.891 0.014 0.024 0.007 0.024 0.006 0.009
   9 T H  0.024 0.869 0.012 0.040 0.008 0.034 0.004 0.009
  10 E H  0.023 0.878 0.007 0.044 0.007 0.030 0.003 0.008
  11 M H  0.035 0.876 0.013 0.028 0.007 0.026 0.006 0.010
  12 K H  0.035 0.853 0.010 0.043 0.009 0.033 0.006 0.012
  13 K H  0.034 0.690 0.011 0.174 0.022 0.053 0.005 0.011
  14 K H  0.055 0.571 0.014 0.242 0.037 0.062 0.007 0.013
  15 F -  0.413 0.130 0.108 0.141 0.109 0.049 0.035 0.016
  16 K T  0.216 0.058 0.052 0.378 0.186 0.083 0.019 0.009
  17 N T  0.202 0.045 0.057 0.385 0.220 0.066 0.017 0.008
  18 C -  0.424 0.010 0.384 0.041 0.089 0.020 0.028 0.004
  19 E E  0.158 0.002 0.798 0.004 0.021 0.004 0.012 0.001
  20 V E  0.064 0.001 0.925 0.001 0.003 0.001 0.006 0.000
  21 R E  0.086 0.001 0.900 0.001 0.005 0.001 0.006 0.000
  22 C E  0.207 0.002 0.747 0.004 0.022 0.004 0.014 0.001
  23 D -  0.594 0.005 0.275 0.021 0.071 0.015 0.018 0.002
  24 E T  0.128 0.052 0.041 0.498 0.171 0.092 0.013 0.006
  25 S T  0.137 0.036 0.032 0.481 0.214 0.083 0.011 0.005
  26 N -  0.307 0.048 0.074 0.261 0.188 0.086 0.028 0.008
  27 H -  0.289 0.020 0.208 0.170 0.235 0.045 0.025 0.007
  28 C E  0.218 0.003 0.706 0.013 0.033 0.007 0.017 0.002
  29 V E  0.050 0.001 0.937 0.001 0.004 0.001 0.006 0.000
  30 E E  0.027 0.001 0.965 0.000 0.002 0.001 0.004 0.000
  31 V E  0.037 0.001 0.953 0.001 0.002 0.001 0.005 0.000
  32 R E  0.119 0.003 0.845 0.003 0.015 0.004 0.010 0.001
  33 C E  0.271 0.009 0.586 0.028 0.063 0.015 0.024 0.003
  34 S T  0.214 0.033 0.096 0.364 0.203 0.068 0.016 0.007
  35 D T  0.110 0.046 0.036 0.535 0.189 0.068 0.011 0.006
  36 T -  0.348 0.027 0.302 0.111 0.139 0.041 0.026 0.007
  37 K E  0.202 0.008 0.678 0.028 0.052 0.014 0.016 0.002
  38 Y E  0.077 0.004 0.889 0.004 0.012 0.004 0.009 0.001
  39 T E  0.058 0.002 0.923 0.002 0.006 0.002 0.007 0.001
  40 L E  0.054 0.008 0.912 0.003 0.007 0.004 0.011 0.002
  41 C E  0.124 0.015 0.787 0.012 0.028 0.010 0.020 0.004
