# LABEL secstruct CLASSES [-HETSGBI]

   1 A H  0.021 0.923 0.000 0.020 0.008 0.026 0.000 0.002
   2 K H  0.001 0.992 0.000 0.002 0.000 0.003 0.000 0.001
   3 Q H  0.000 0.999 0.000 0.000 0.000 0.000 0.000 0.001
   4 Y H  0.000 0.998 0.000 0.000 0.000 0.000 0.000 0.002
   5 V H  0.000 0.998 0.000 0.000 0.000 0.000 0.000 0.002
   6 D H  0.000 0.999 0.000 0.000 0.000 0.000 0.000 0.001
   7 A H  0.000 0.999 0.000 0.000 0.000 0.000 0.000 0.001
   8 A H  0.000 0.998 0.000 0.000 0.000 0.000 0.000 0.001
   9 H H  0.000 0.999 0.000 0.000 0.000 0.000 0.000 0.001
  10 N H  0.000 0.998 0.000 0.001 0.000 0.001 0.000 0.001
  11 F H  0.000 0.990 0.000 0.002 0.000 0.003 0.000 0.005
  12 M H  0.002 0.876 0.000 0.047 0.005 0.026 0.000 0.044
  13 T T  0.022 0.186 0.001 0.550 0.168 0.023 0.001 0.048
  14 N -  0.538 0.007 0.040 0.072 0.303 0.007 0.030 0.003
  15 P -  0.867 0.001 0.015 0.016 0.063 0.003 0.035 0.000
  16 P -  0.838 0.000 0.025 0.007 0.103 0.001 0.026 0.000
  17 P T  0.114 0.007 0.002 0.660 0.173 0.038 0.006 0.001
  18 G T  0.057 0.019 0.008 0.748 0.104 0.060 0.002 0.003
  19 T E  0.064 0.000 0.883 0.000 0.016 0.000 0.036 0.000
  20 L E  0.007 0.000 0.988 0.000 0.001 0.000 0.003 0.000
  21 T E  0.005 0.000 0.993 0.000 0.000 0.000 0.002 0.000
  22 K E  0.010 0.000 0.983 0.000 0.002 0.000 0.005 0.000
  23 T E  0.025 0.000 0.962 0.000 0.003 0.000 0.008 0.000
  24 R E  0.291 0.001 0.615 0.002 0.022 0.001 0.068 0.000
  25 P T  0.058 0.076 0.000 0.718 0.080 0.064 0.001 0.002
  26 N T  0.006 0.020 0.000 0.888 0.032 0.052 0.000 0.002
  27 G T  0.207 0.050 0.007 0.395 0.297 0.031 0.003 0.009
  28 D -  0.716 0.000 0.186 0.003 0.050 0.001 0.044 0.000
  29 T E  0.005 0.000 0.991 0.000 0.000 0.000 0.003 0.000
  30 L E  0.002 0.000 0.997 0.000 0.000 0.000 0.001 0.000
  31 Y E  0.003 0.000 0.994 0.000 0.000 0.000 0.002 0.000
  32 Y E  0.002 0.000 0.996 0.000 0.000 0.000 0.002 0.000
  33 N E  0.088 0.004 0.869 0.002 0.009 0.002 0.023 0.002
  34 P H  0.011 0.619 0.001 0.269 0.017 0.064 0.000 0.019
  35 V T  0.013 0.219 0.001 0.539 0.077 0.086 0.001 0.066
  36 T T  0.074 0.114 0.004 0.610 0.123 0.063 0.004 0.009
  37 N T  0.246 0.037 0.019 0.438 0.172 0.077 0.007 0.005
  38 V E  0.020 0.001 0.964 0.000 0.002 0.000 0.013 0.000
  39 F E  0.005 0.000 0.991 0.000 0.000 0.000 0.004 0.000
  40 A E  0.002 0.000 0.996 0.000 0.000 0.000 0.002 0.000
  41 S E  0.003 0.000 0.994 0.000 0.000 0.000 0.002 0.000
  42 K E  0.013 0.000 0.976 0.000 0.003 0.000 0.008 0.000
  43 D -  0.576 0.002 0.280 0.005 0.088 0.001 0.048 0.001
  44 I T  0.013 0.031 0.001 0.813 0.064 0.075 0.001 0.003
  45 N T  0.005 0.016 0.000 0.909 0.020 0.048 0.000 0.001
  46 G T  0.221 0.063 0.011 0.348 0.327 0.015 0.004 0.010
  47 V E  0.336 0.002 0.538 0.003 0.053 0.001 0.066 0.002
  48 P -  0.503 0.004 0.328 0.036 0.051 0.017 0.059 0.002
  49 R E  0.247 0.032 0.365 0.096 0.170 0.045 0.022 0.023
  50 T E  0.029 0.000 0.930 0.002 0.021 0.001 0.015 0.000
  51 M E  0.008 0.001 0.985 0.000 0.001 0.000 0.004 0.000
  52 F E  0.007 0.000 0.985 0.000 0.001 0.000 0.006 0.000
  53 K E  0.165 0.002 0.784 0.001 0.012 0.001 0.033 0.001
  54 P -  0.736 0.005 0.113 0.021 0.073 0.008 0.043 0.002
  55 E -  0.388 0.031 0.019 0.147 0.354 0.048 0.008 0.007
  56 K S  0.140 0.003 0.015 0.209 0.599 0.016 0.017 0.000
  57 G -  0.275 0.272 0.002 0.250 0.137 0.046 0.006 0.012
  58 I H  0.010 0.753 0.000 0.114 0.015 0.099 0.000 0.009
  59 E H  0.006 0.891 0.000 0.019 0.002 0.079 0.000 0.002
  60 Y H  0.001 0.945 0.000 0.005 0.001 0.043 0.000 0.003
  61 W H  0.000 0.994 0.000 0.001 0.000 0.002 0.000 0.003
  62 N H  0.000 0.990 0.000 0.003 0.000 0.004 0.000 0.002
  63 K H  0.002 0.974 0.000 0.010 0.001 0.008 0.000 0.005
  64 Q H  0.005 0.962 0.000 0.011 0.003 0.012 0.001 0.007
