# LABEL secstruct CLASSES [-HETSGBI]

   1 K -  0.730 0.000 0.171 0.012 0.071 0.002 0.014 0.000
   2 V -  0.574 0.000 0.319 0.003 0.071 0.001 0.033 0.000
   3 E -  0.770 0.001 0.131 0.003 0.053 0.001 0.041 0.000
   4 P -  0.676 0.034 0.015 0.077 0.161 0.023 0.014 0.001
   5 V -  0.343 0.076 0.008 0.311 0.174 0.066 0.018 0.002
   6 G T  0.173 0.290 0.003 0.296 0.151 0.080 0.003 0.005
   7 N -  0.407 0.141 0.021 0.129 0.213 0.062 0.026 0.001
   8 A H  0.015 0.826 0.000 0.038 0.015 0.097 0.001 0.008
   9 Y H  0.009 0.717 0.000 0.197 0.007 0.064 0.001 0.005
  10 G H  0.008 0.946 0.000 0.027 0.001 0.016 0.000 0.002
  11 H H  0.000 0.997 0.000 0.000 0.000 0.001 0.000 0.001
  12 W H  0.000 0.996 0.000 0.000 0.000 0.000 0.000 0.003
  13 T H  0.000 0.983 0.000 0.002 0.000 0.001 0.000 0.013
  14 K H  0.005 0.818 0.003 0.035 0.008 0.006 0.001 0.125
  15 H H  0.045 0.514 0.004 0.286 0.026 0.077 0.004 0.045
  16 G H  0.008 0.861 0.000 0.066 0.003 0.055 0.000 0.006
  17 K T  0.010 0.383 0.000 0.391 0.022 0.172 0.000 0.022
  18 E T  0.015 0.141 0.002 0.549 0.072 0.201 0.001 0.019
  19 F -  0.465 0.020 0.176 0.037 0.163 0.025 0.109 0.005
  20 P T  0.047 0.028 0.002 0.748 0.056 0.114 0.002 0.002
  21 E T  0.021 0.003 0.002 0.728 0.053 0.191 0.001 0.001
  22 Y -  0.493 0.000 0.319 0.008 0.075 0.008 0.097 0.000
  23 Q -  0.443 0.010 0.074 0.108 0.324 0.019 0.012 0.010
  24 N E  0.270 0.002 0.448 0.007 0.201 0.001 0.072 0.000
  25 A H  0.001 0.994 0.000 0.001 0.001 0.001 0.000 0.002
  26 K H  0.000 0.997 0.000 0.000 0.000 0.000 0.000 0.001
  27 Q H  0.000 0.999 0.000 0.000 0.000 0.000 0.000 0.000
  28 Y H  0.000 0.997 0.000 0.000 0.000 0.000 0.000 0.002
  29 V H  0.000 0.999 0.000 0.000 0.000 0.000 0.000 0.001
  30 D H  0.000 0.999 0.000 0.000 0.000 0.000 0.000 0.001
  31 A H  0.000 0.999 0.000 0.000 0.000 0.000 0.000 0.001
  32 A H  0.000 0.998 0.000 0.000 0.000 0.000 0.000 0.001
  33 H H  0.000 0.998 0.000 0.000 0.000 0.000 0.000 0.001
  34 N H  0.000 0.996 0.000 0.001 0.000 0.002 0.000 0.001
  35 F H  0.000 0.987 0.000 0.002 0.000 0.003 0.000 0.008
  36 M H  0.002 0.833 0.001 0.066 0.005 0.042 0.000 0.051
  37 T T  0.028 0.162 0.004 0.542 0.179 0.027 0.002 0.055
  38 N -  0.524 0.004 0.093 0.043 0.289 0.004 0.038 0.003
  39 P -  0.864 0.001 0.021 0.015 0.063 0.003 0.033 0.000
  40 P -  0.829 0.000 0.029 0.014 0.099 0.002 0.026 0.000
  41 P T  0.189 0.006 0.003 0.545 0.213 0.035 0.008 0.001
  42 G T  0.082 0.019 0.019 0.682 0.140 0.053 0.003 0.003
  43 T E  0.174 0.000 0.700 0.005 0.062 0.003 0.055 0.000
  44 L E  0.019 0.000 0.969 0.000 0.004 0.000 0.006 0.000
  45 T E  0.009 0.000 0.986 0.000 0.002 0.000 0.003 0.000
  46 K E  0.013 0.000 0.979 0.000 0.003 0.000 0.005 0.000
  47 T E  0.026 0.000 0.963 0.000 0.003 0.000 0.008 0.000
  48 R E  0.367 0.002 0.544 0.002 0.025 0.001 0.060 0.000
  49 P T  0.064 0.121 0.001 0.643 0.074 0.091 0.002 0.004
  50 N T  0.007 0.018 0.000 0.889 0.028 0.055 0.000 0.002
  51 G T  0.197 0.053 0.010 0.421 0.268 0.040 0.004 0.009
  52 D -  0.697 0.000 0.193 0.004 0.062 0.001 0.043 0.000
  53 T E  0.006 0.000 0.990 0.000 0.001 0.000 0.003 0.000
  54 L E  0.002 0.000 0.996 0.000 0.000 0.000 0.002 0.000
  55 Y E  0.003 0.000 0.994 0.000 0.000 0.000 0.002 0.000
  56 Y E  0.003 0.000 0.993 0.000 0.001 0.000 0.003 0.000
  57 N E  0.120 0.006 0.824 0.003 0.013 0.002 0.027 0.004
  58 P H  0.014 0.624 0.001 0.263 0.020 0.059 0.001 0.016
  59 V T  0.014 0.293 0.002 0.458 0.080 0.074 0.001 0.078
  60 T T  0.096 0.130 0.009 0.558 0.126 0.062 0.006 0.011
  61 N T  0.285 0.035 0.043 0.377 0.174 0.073 0.009 0.004
  62 V E  0.021 0.001 0.963 0.000 0.003 0.000 0.013 0.000
  63 F E  0.007 0.000 0.988 0.000 0.000 0.000 0.005 0.000
  64 A E  0.002 0.000 0.996 0.000 0.000 0.000 0.002 0.000
  65 S E  0.007 0.000 0.988 0.000 0.001 0.000 0.004 0.000
  66 K E  0.024 0.000 0.959 0.000 0.005 0.000 0.012 0.000
  67 D -  0.561 0.002 0.299 0.005 0.083 0.001 0.048 0.001
  68 I T  0.009 0.057 0.000 0.780 0.039 0.111 0.001 0.004
  69 N T  0.006 0.014 0.001 0.906 0.025 0.047 0.000 0.002
  70 G T  0.241 0.063 0.014 0.344 0.311 0.014 0.005 0.009
  71 V E  0.366 0.002 0.502 0.002 0.050 0.001 0.076 0.001
  72 P -  0.559 0.004 0.259 0.043 0.058 0.022 0.054 0.002
  73 R E  0.274 0.027 0.424 0.060 0.139 0.030 0.029 0.017
  74 T E  0.029 0.001 0.933 0.002 0.016 0.002 0.017 0.000
  75 M E  0.008 0.001 0.984 0.000 0.002 0.001 0.004 0.000
  76 F E  0.014 0.000 0.972 0.000 0.002 0.000 0.011 0.000
  77 K E  0.178 0.002 0.776 0.001 0.012 0.001 0.030 0.001
  78 P -  0.733 0.006 0.119 0.024 0.062 0.010 0.042 0.002
  79 E -  0.438 0.019 0.042 0.114 0.316 0.056 0.010 0.005
  80 K S  0.194 0.003 0.014 0.204 0.548 0.017 0.019 0.000
  81 G -  0.398 0.215 0.004 0.182 0.144 0.039 0.008 0.010
  82 I H  0.072 0.685 0.003 0.095 0.058 0.075 0.004 0.009
  83 E H  0.041 0.878 0.003 0.015 0.006 0.055 0.001 0.002
  84 Y H  0.012 0.932 0.000 0.009 0.004 0.037 0.002 0.004
  85 W H  0.000 0.993 0.000 0.001 0.000 0.002 0.000 0.004
  86 N H  0.000 0.990 0.000 0.004 0.000 0.004 0.000 0.003
  87 K H  0.003 0.966 0.000 0.016 0.001 0.010 0.000 0.004
  88 Q H  0.021 0.941 0.000 0.012 0.007 0.009 0.002 0.007
