# LABEL secstruct CLASSES [-HETSGBI]

   1 K -  0.833 0.000 0.068 0.012 0.071 0.003 0.014 0.000
   2 V -  0.646 0.000 0.240 0.003 0.082 0.001 0.029 0.000
   3 E -  0.789 0.001 0.112 0.003 0.052 0.001 0.041 0.000
   4 P -  0.504 0.152 0.020 0.091 0.186 0.031 0.013 0.003
   5 V T  0.233 0.209 0.006 0.284 0.123 0.128 0.013 0.003
   6 G H  0.103 0.414 0.003 0.273 0.120 0.080 0.002 0.005
   7 N -  0.318 0.213 0.012 0.157 0.177 0.101 0.020 0.002
   8 A H  0.051 0.435 0.001 0.112 0.037 0.351 0.003 0.011
   9 Y T  0.022 0.274 0.001 0.546 0.021 0.128 0.003 0.005
  10 G H  0.015 0.821 0.001 0.097 0.004 0.058 0.000 0.004
  11 H H  0.000 0.992 0.000 0.001 0.000 0.005 0.000 0.002
  12 W H  0.000 0.995 0.000 0.000 0.000 0.001 0.000 0.003
  13 T H  0.001 0.976 0.000 0.004 0.001 0.002 0.000 0.017
  14 K H  0.009 0.732 0.007 0.061 0.016 0.011 0.001 0.163
  15 H H  0.043 0.506 0.003 0.305 0.025 0.078 0.003 0.037
  16 G H  0.008 0.863 0.000 0.074 0.004 0.043 0.000 0.007
  17 K H  0.007 0.456 0.000 0.377 0.023 0.109 0.000 0.028
  18 E T  0.017 0.201 0.005 0.498 0.085 0.161 0.001 0.031
  19 F -  0.523 0.011 0.150 0.038 0.153 0.018 0.104 0.003
  20 P T  0.050 0.044 0.003 0.696 0.052 0.149 0.002 0.004
  21 E T  0.022 0.005 0.002 0.695 0.048 0.226 0.001 0.001
  22 Y -  0.463 0.000 0.345 0.010 0.085 0.008 0.088 0.000
  23 Q -  0.429 0.010 0.073 0.094 0.360 0.016 0.009 0.010
  24 N E  0.237 0.001 0.507 0.006 0.185 0.001 0.064 0.000
  25 A H  0.001 0.992 0.000 0.001 0.001 0.002 0.000 0.002
  26 K H  0.000 0.997 0.000 0.001 0.000 0.001 0.000 0.001
  27 Q H  0.000 0.999 0.000 0.000 0.000 0.000 0.000 0.001
  28 Y H  0.000 0.996 0.000 0.000 0.000 0.000 0.000 0.003
  29 V H  0.000 0.998 0.000 0.000 0.000 0.000 0.000 0.001
  30 D H  0.000 0.999 0.000 0.000 0.000 0.000 0.000 0.001
  31 A H  0.000 0.999 0.000 0.000 0.000 0.000 0.000 0.001
  32 A H  0.000 0.998 0.000 0.000 0.000 0.000 0.000 0.002
  33 H H  0.000 0.999 0.000 0.000 0.000 0.000 0.000 0.001
  34 N H  0.000 0.997 0.000 0.001 0.000 0.001 0.000 0.001
  35 F H  0.000 0.985 0.000 0.002 0.000 0.003 0.000 0.009
  36 M H  0.004 0.761 0.001 0.105 0.011 0.048 0.000 0.069
  37 T T  0.035 0.125 0.014 0.397 0.306 0.012 0.004 0.106
  38 N -  0.522 0.003 0.081 0.054 0.299 0.005 0.033 0.003
  39 P -  0.852 0.000 0.022 0.022 0.062 0.004 0.037 0.000
  40 P -  0.820 0.000 0.030 0.016 0.106 0.002 0.025 0.000
  41 P T  0.152 0.005 0.006 0.603 0.193 0.028 0.011 0.001
  42 G T  0.063 0.019 0.029 0.718 0.106 0.057 0.003 0.004
  43 T E  0.078 0.000 0.876 0.001 0.016 0.000 0.029 0.000
  44 L E  0.009 0.000 0.986 0.000 0.001 0.000 0.004 0.000
  45 T E  0.005 0.000 0.993 0.000 0.001 0.000 0.002 0.000
  46 K E  0.009 0.000 0.985 0.000 0.002 0.000 0.005 0.000
  47 T E  0.017 0.000 0.973 0.000 0.003 0.000 0.006 0.000
  48 R E  0.309 0.001 0.600 0.002 0.023 0.000 0.064 0.000
  49 P T  0.046 0.100 0.001 0.688 0.065 0.096 0.001 0.003
  50 N T  0.005 0.014 0.000 0.888 0.027 0.063 0.000 0.002
  51 G T  0.221 0.041 0.018 0.384 0.282 0.041 0.005 0.009
  52 D -  0.550 0.000 0.339 0.004 0.051 0.001 0.055 0.000
  53 T E  0.006 0.000 0.990 0.000 0.001 0.000 0.003 0.000
  54 L E  0.002 0.000 0.996 0.000 0.000 0.000 0.002 0.000
  55 Y E  0.004 0.000 0.993 0.000 0.000 0.000 0.002 0.000
  56 Y E  0.004 0.000 0.992 0.000 0.001 0.000 0.004 0.000
  57 N E  0.078 0.002 0.891 0.001 0.008 0.001 0.019 0.001
  58 P T  0.032 0.371 0.005 0.433 0.053 0.089 0.002 0.016
  59 V T  0.021 0.249 0.004 0.435 0.116 0.064 0.001 0.110
  60 T T  0.144 0.103 0.015 0.459 0.202 0.052 0.012 0.014
  61 N -  0.331 0.019 0.087 0.265 0.237 0.048 0.011 0.002
  62 V E  0.055 0.001 0.910 0.001 0.006 0.000 0.027 0.000
  63 F E  0.030 0.000 0.950 0.000 0.002 0.000 0.017 0.000
  64 A E  0.018 0.002 0.967 0.000 0.002 0.002 0.008 0.001
