# LABEL secstruct CLASSES [-HETSGBI]

   1 K -  0.554 0.037 0.071 0.121 0.152 0.038 0.020 0.006
   2 V -  0.504 0.060 0.085 0.127 0.149 0.045 0.022 0.008
   3 E -  0.514 0.059 0.081 0.121 0.153 0.044 0.021 0.007
   4 P -  0.416 0.108 0.088 0.154 0.151 0.050 0.024 0.009
   5 V -  0.292 0.258 0.072 0.171 0.118 0.058 0.021 0.009
   6 G T  0.272 0.173 0.060 0.288 0.135 0.051 0.015 0.006
   7 N H  0.241 0.340 0.096 0.149 0.099 0.047 0.018 0.010
   8 A H  0.174 0.501 0.113 0.078 0.069 0.037 0.018 0.010
   9 Y H  0.096 0.611 0.028 0.150 0.060 0.040 0.009 0.006
  10 G H  0.154 0.316 0.049 0.298 0.111 0.051 0.013 0.007
  11 H H  0.138 0.576 0.056 0.096 0.061 0.050 0.014 0.009
  12 W H  0.129 0.578 0.057 0.096 0.059 0.058 0.013 0.010
  13 T H  0.086 0.591 0.022 0.184 0.060 0.043 0.007 0.007
  14 K H  0.079 0.619 0.026 0.157 0.057 0.045 0.009 0.008
  15 H H  0.190 0.406 0.104 0.123 0.084 0.064 0.018 0.010
  16 G H  0.239 0.303 0.062 0.211 0.108 0.055 0.015 0.007
  17 K T  0.118 0.324 0.019 0.367 0.101 0.056 0.008 0.007
  18 E H  0.179 0.293 0.064 0.254 0.123 0.063 0.015 0.010
  19 F -  0.310 0.202 0.148 0.110 0.106 0.086 0.026 0.012
  20 P -  0.316 0.095 0.042 0.304 0.151 0.070 0.014 0.008
  21 E -  0.355 0.073 0.064 0.246 0.182 0.057 0.016 0.007
  22 Y -  0.466 0.080 0.202 0.063 0.112 0.044 0.026 0.007
  23 Q -  0.447 0.072 0.073 0.179 0.163 0.047 0.013 0.006
  24 N -  0.402 0.134 0.141 0.122 0.143 0.037 0.014 0.006
  25 A H  0.019 0.890 0.012 0.041 0.012 0.017 0.003 0.005
  26 K H  0.017 0.888 0.007 0.050 0.012 0.017 0.003 0.005
  27 Q H  0.014 0.928 0.006 0.024 0.008 0.013 0.003 0.004
  28 Y H  0.015 0.925 0.015 0.015 0.007 0.014 0.004 0.006
  29 V H  0.008 0.944 0.006 0.019 0.005 0.012 0.002 0.004
  30 D H  0.012 0.926 0.004 0.031 0.008 0.013 0.002 0.004
  31 A H  0.019 0.902 0.011 0.028 0.009 0.019 0.004 0.007
  32 A H  0.018 0.901 0.023 0.020 0.007 0.017 0.005 0.008
  33 H H  0.016 0.899 0.011 0.036 0.009 0.019 0.004 0.007
  34 N H  0.022 0.876 0.011 0.048 0.013 0.020 0.004 0.006
  35 F H  0.032 0.838 0.031 0.040 0.016 0.026 0.006 0.010
  36 M H  0.038 0.810 0.028 0.064 0.019 0.026 0.006 0.009
  37 T H  0.068 0.580 0.019 0.216 0.055 0.045 0.008 0.009
  38 N T  0.248 0.232 0.064 0.251 0.119 0.063 0.014 0.010
  39 P -  0.495 0.092 0.126 0.101 0.127 0.037 0.016 0.007
  40 P -  0.468 0.069 0.132 0.115 0.145 0.044 0.020 0.007
  41 P T  0.167 0.127 0.037 0.436 0.160 0.056 0.011 0.006
  42 G T  0.222 0.062 0.108 0.380 0.170 0.041 0.012 0.005
  43 T E  0.268 0.125 0.394 0.081 0.077 0.030 0.018 0.006
  44 L E  0.219 0.057 0.604 0.038 0.047 0.018 0.012 0.004
  45 T E  0.288 0.040 0.530 0.043 0.061 0.019 0.015 0.004
  46 K E  0.260 0.034 0.567 0.044 0.060 0.018 0.013 0.004
  47 T E  0.294 0.040 0.506 0.060 0.067 0.019 0.011 0.004
  48 R E  0.295 0.083 0.455 0.055 0.065 0.024 0.016 0.006
  49 P T  0.229 0.072 0.043 0.412 0.180 0.049 0.011 0.005
  50 N T  0.190 0.108 0.057 0.432 0.155 0.043 0.010 0.005
  51 G T  0.249 0.098 0.166 0.279 0.146 0.040 0.016 0.006
  52 D E  0.257 0.083 0.449 0.085 0.080 0.025 0.016 0.005
  53 T E  0.209 0.044 0.626 0.041 0.047 0.016 0.012 0.004
  54 L E  0.136 0.044 0.746 0.020 0.030 0.011 0.010 0.003
  55 Y E  0.142 0.044 0.735 0.022 0.031 0.011 0.010 0.003
  56 Y E  0.141 0.054 0.725 0.020 0.032 0.013 0.012 0.004
  57 N E  0.225 0.062 0.587 0.037 0.052 0.019 0.013 0.005
  58 P T  0.202 0.177 0.202 0.230 0.109 0.055 0.017 0.010
  59 V T  0.149 0.233 0.071 0.357 0.115 0.055 0.011 0.009
  60 T -  0.221 0.199 0.191 0.185 0.119 0.057 0.019 0.010
  61 N E  0.235 0.118 0.305 0.159 0.099 0.053 0.020 0.011
  62 V E  0.179 0.054 0.660 0.027 0.045 0.017 0.014 0.005
  63 F E  0.170 0.056 0.684 0.022 0.034 0.015 0.014 0.006
  64 A E  0.180 0.089 0.622 0.025 0.044 0.019 0.016 0.006
