# LABEL secstruct CLASSES [-HETSGBI]

   1 A H  0.133 0.626 0.046 0.092 0.051 0.033 0.010 0.009
   2 K H  0.081 0.718 0.022 0.101 0.038 0.028 0.006 0.006
   3 Q H  0.056 0.786 0.027 0.068 0.028 0.023 0.006 0.006
   4 Y H  0.056 0.813 0.045 0.035 0.023 0.017 0.006 0.005
   5 V H  0.042 0.851 0.026 0.036 0.019 0.017 0.004 0.005
   6 D H  0.054 0.802 0.025 0.061 0.026 0.021 0.005 0.006
   7 A H  0.056 0.781 0.036 0.062 0.029 0.023 0.006 0.007
   8 A H  0.059 0.794 0.060 0.031 0.026 0.017 0.007 0.006
   9 H H  0.040 0.832 0.021 0.052 0.023 0.022 0.005 0.006
  10 N H  0.054 0.770 0.025 0.076 0.032 0.029 0.006 0.007
  11 F H  0.075 0.724 0.056 0.058 0.039 0.030 0.010 0.008
  12 M H  0.079 0.702 0.051 0.075 0.038 0.036 0.010 0.009
  13 T H  0.114 0.463 0.035 0.231 0.084 0.054 0.011 0.010
  14 N -  0.271 0.186 0.070 0.244 0.135 0.068 0.017 0.010
  15 P -  0.514 0.057 0.090 0.121 0.154 0.039 0.018 0.007
  16 P -  0.479 0.055 0.107 0.126 0.157 0.046 0.023 0.007
  17 P T  0.190 0.090 0.042 0.427 0.179 0.053 0.012 0.006
  18 G T  0.226 0.044 0.109 0.371 0.192 0.040 0.013 0.005
  19 T E  0.262 0.067 0.476 0.076 0.072 0.024 0.018 0.005
  20 L E  0.130 0.012 0.783 0.023 0.029 0.010 0.010 0.002
  21 T E  0.194 0.014 0.693 0.026 0.041 0.014 0.016 0.003
  22 K E  0.168 0.012 0.729 0.024 0.038 0.012 0.013 0.003
  23 T E  0.189 0.011 0.694 0.038 0.042 0.011 0.011 0.003
  24 R E  0.263 0.045 0.546 0.041 0.059 0.023 0.018 0.005
  25 P T  0.187 0.069 0.038 0.447 0.187 0.054 0.011 0.005
  26 N T  0.151 0.125 0.043 0.469 0.150 0.048 0.009 0.005
  27 G T  0.224 0.045 0.151 0.349 0.175 0.036 0.014 0.005
  28 D E  0.264 0.030 0.511 0.080 0.075 0.020 0.015 0.004
  29 T E  0.139 0.008 0.773 0.026 0.032 0.010 0.010 0.003
  30 L E  0.085 0.005 0.868 0.009 0.016 0.007 0.009 0.002
  31 Y E  0.099 0.005 0.854 0.008 0.017 0.006 0.009 0.002
  32 Y E  0.113 0.017 0.808 0.018 0.024 0.008 0.010 0.003
  33 N E  0.207 0.026 0.648 0.033 0.051 0.016 0.015 0.004
  34 P T  0.190 0.156 0.175 0.277 0.106 0.069 0.017 0.011
  35 V T  0.089 0.258 0.053 0.425 0.102 0.056 0.008 0.009
  36 T T  0.168 0.186 0.164 0.248 0.142 0.066 0.017 0.009
  37 N E  0.198 0.072 0.293 0.237 0.123 0.052 0.017 0.008
  38 V E  0.128 0.019 0.769 0.025 0.037 0.009 0.011 0.003
  39 F E  0.095 0.011 0.851 0.011 0.016 0.006 0.008 0.002
  40 A E  0.081 0.014 0.859 0.009 0.019 0.006 0.009 0.003
  41 S E  0.098 0.017 0.820 0.018 0.026 0.009 0.010 0.003
  42 K E  0.188 0.033 0.657 0.036 0.054 0.015 0.013 0.004
  43 D E  0.318 0.042 0.433 0.068 0.093 0.027 0.014 0.005
  44 I T  0.200 0.108 0.054 0.377 0.187 0.056 0.012 0.006
  45 N T  0.209 0.106 0.062 0.405 0.162 0.040 0.010 0.006
  46 G T  0.227 0.092 0.101 0.343 0.170 0.046 0.015 0.006
  47 V E  0.336 0.041 0.362 0.107 0.115 0.022 0.013 0.005
  48 P E  0.281 0.044 0.515 0.047 0.065 0.023 0.020 0.005
  49 R E  0.304 0.072 0.393 0.087 0.093 0.027 0.019 0.006
  50 T E  0.198 0.035 0.630 0.044 0.056 0.016 0.015 0.004
  51 M E  0.207 0.023 0.661 0.029 0.049 0.015 0.013 0.004
  52 F E  0.183 0.032 0.688 0.026 0.040 0.013 0.014 0.004
  53 K E  0.307 0.046 0.399 0.102 0.099 0.026 0.014 0.006
  54 P -  0.397 0.065 0.297 0.078 0.109 0.029 0.019 0.006
  55 E -  0.339 0.074 0.069 0.269 0.177 0.051 0.015 0.006
  56 K -  0.316 0.095 0.050 0.282 0.187 0.050 0.013 0.006
  57 G -  0.287 0.206 0.075 0.219 0.139 0.050 0.017 0.008
  58 I H  0.129 0.571 0.052 0.120 0.064 0.042 0.012 0.009
  59 E H  0.137 0.537 0.046 0.144 0.073 0.044 0.010 0.009
  60 Y H  0.108 0.660 0.064 0.065 0.046 0.036 0.011 0.010
  61 W H  0.089 0.712 0.054 0.054 0.039 0.034 0.010 0.008
  62 N H  0.083 0.700 0.028 0.090 0.043 0.040 0.008 0.008
  63 K H  0.074 0.713 0.030 0.092 0.040 0.034 0.008 0.009
  64 Q H  0.089 0.701 0.073 0.051 0.034 0.031 0.010 0.010
