# LABEL secstruct CLASSES [-HETSGBI]

   1 S -  0.393 0.169 0.085 0.148 0.135 0.042 0.017 0.011
   2 Q H  0.078 0.747 0.017 0.081 0.036 0.025 0.006 0.009
   3 E H  0.046 0.823 0.014 0.059 0.023 0.021 0.004 0.008
   4 T H  0.032 0.884 0.014 0.029 0.014 0.016 0.004 0.007
   5 R H  0.018 0.925 0.009 0.020 0.008 0.012 0.003 0.005
   6 K H  0.012 0.944 0.005 0.019 0.005 0.010 0.002 0.004
   7 K H  0.018 0.912 0.007 0.029 0.009 0.018 0.003 0.005
   8 C H  0.023 0.906 0.014 0.020 0.009 0.018 0.004 0.005
   9 T H  0.024 0.890 0.009 0.035 0.012 0.021 0.004 0.006
  10 E H  0.023 0.894 0.008 0.036 0.012 0.019 0.003 0.005
  11 M H  0.039 0.861 0.026 0.026 0.015 0.021 0.006 0.007
  12 K H  0.046 0.828 0.021 0.041 0.021 0.028 0.006 0.009
  13 K H  0.071 0.689 0.018 0.132 0.040 0.032 0.007 0.011
  14 K H  0.086 0.623 0.021 0.157 0.054 0.039 0.008 0.011
  15 F -  0.353 0.223 0.152 0.094 0.105 0.042 0.021 0.010
  16 K -  0.335 0.115 0.061 0.263 0.149 0.052 0.017 0.008
  17 N -  0.348 0.034 0.095 0.253 0.213 0.039 0.013 0.006
  18 C -  0.437 0.029 0.325 0.059 0.104 0.025 0.016 0.004
  19 E E  0.298 0.010 0.587 0.023 0.055 0.012 0.012 0.003
  20 V E  0.111 0.003 0.859 0.004 0.014 0.003 0.005 0.001
  21 R E  0.211 0.006 0.727 0.011 0.030 0.006 0.008 0.002
  22 C E  0.277 0.005 0.633 0.016 0.049 0.007 0.010 0.002
  23 D -  0.494 0.016 0.325 0.042 0.088 0.018 0.015 0.003
  24 E T  0.304 0.046 0.085 0.307 0.199 0.040 0.012 0.006
  25 S -  0.361 0.032 0.061 0.264 0.222 0.042 0.012 0.006
  26 N -  0.435 0.069 0.067 0.179 0.178 0.048 0.018 0.006
  27 H -  0.469 0.028 0.171 0.111 0.166 0.033 0.017 0.005
  28 C E  0.328 0.023 0.510 0.031 0.071 0.017 0.016 0.004
  29 V E  0.169 0.006 0.771 0.008 0.029 0.006 0.009 0.002
  30 E E  0.123 0.004 0.834 0.007 0.019 0.004 0.006 0.002
  31 V E  0.101 0.003 0.871 0.004 0.013 0.003 0.005 0.001
  32 R E  0.191 0.009 0.728 0.018 0.036 0.008 0.008 0.002
  33 C E  0.389 0.027 0.407 0.047 0.091 0.019 0.015 0.005
  34 S -  0.316 0.049 0.074 0.300 0.204 0.039 0.012 0.006
  35 D T  0.274 0.040 0.044 0.367 0.220 0.039 0.010 0.006
  36 T -  0.418 0.041 0.264 0.098 0.125 0.030 0.018 0.006
  37 K E  0.300 0.026 0.525 0.042 0.068 0.020 0.015 0.004
  38 Y E  0.132 0.011 0.808 0.009 0.022 0.007 0.008 0.002
  39 T E  0.122 0.011 0.814 0.010 0.024 0.007 0.008 0.003
  40 L E  0.111 0.015 0.828 0.008 0.020 0.007 0.009 0.003
  41 C E  0.220 0.033 0.648 0.021 0.045 0.014 0.013 0.006
