# LABEL secstruct CLASSES [-HETSGBI]

   1 S -  0.680 0.076 0.039 0.061 0.101 0.019 0.016 0.009
   2 Q H  0.071 0.707 0.009 0.140 0.025 0.030 0.005 0.013
   3 E H  0.053 0.800 0.007 0.083 0.016 0.024 0.005 0.013
   4 T H  0.050 0.864 0.011 0.030 0.011 0.015 0.005 0.014
   5 R H  0.028 0.904 0.007 0.027 0.006 0.014 0.004 0.010
   6 K H  0.025 0.901 0.007 0.033 0.007 0.016 0.003 0.008
   7 K H  0.023 0.906 0.007 0.026 0.005 0.021 0.004 0.007
   8 C H  0.021 0.921 0.009 0.015 0.005 0.017 0.004 0.008
   9 T H  0.017 0.913 0.005 0.029 0.005 0.021 0.003 0.007
  10 E H  0.016 0.908 0.005 0.035 0.005 0.021 0.003 0.008
  11 M H  0.017 0.922 0.008 0.020 0.004 0.015 0.004 0.009
  12 K H  0.022 0.895 0.011 0.031 0.006 0.021 0.004 0.011
  13 K H  0.020 0.760 0.007 0.150 0.014 0.033 0.004 0.013
  14 K H  0.037 0.552 0.013 0.293 0.035 0.048 0.007 0.015
  15 F -  0.305 0.189 0.106 0.148 0.160 0.048 0.027 0.016
  16 K T  0.169 0.051 0.022 0.493 0.181 0.066 0.013 0.006
  17 N T  0.111 0.024 0.026 0.541 0.240 0.040 0.012 0.005
  18 C -  0.530 0.012 0.235 0.037 0.138 0.018 0.026 0.004
  19 E E  0.127 0.002 0.834 0.005 0.016 0.003 0.011 0.001
  20 V E  0.032 0.001 0.961 0.000 0.002 0.001 0.004 0.000
  21 R E  0.062 0.001 0.925 0.001 0.005 0.001 0.005 0.001
  22 C E  0.156 0.002 0.810 0.003 0.015 0.003 0.011 0.001
  23 D E  0.423 0.004 0.488 0.011 0.049 0.007 0.017 0.002
  24 E T  0.136 0.025 0.062 0.483 0.204 0.068 0.015 0.006
  25 S T  0.142 0.021 0.020 0.519 0.224 0.059 0.012 0.004
  26 N T  0.196 0.028 0.031 0.402 0.234 0.086 0.017 0.006
  27 H -  0.332 0.013 0.160 0.161 0.274 0.031 0.024 0.005
  28 C E  0.255 0.006 0.655 0.013 0.043 0.008 0.018 0.003
  29 V E  0.048 0.001 0.941 0.001 0.003 0.001 0.005 0.001
  30 E E  0.030 0.002 0.958 0.001 0.003 0.001 0.004 0.001
  31 V E  0.041 0.002 0.946 0.001 0.003 0.001 0.006 0.001
  32 R E  0.121 0.002 0.836 0.006 0.019 0.004 0.011 0.001
  33 C E  0.375 0.013 0.395 0.055 0.111 0.019 0.027 0.004
  34 S T  0.249 0.014 0.063 0.342 0.283 0.031 0.014 0.004
  35 D T  0.096 0.020 0.019 0.593 0.215 0.045 0.009 0.003
  36 T -  0.347 0.022 0.320 0.106 0.142 0.032 0.026 0.006
  37 K E  0.159 0.010 0.754 0.018 0.033 0.010 0.014 0.002
  38 Y E  0.094 0.005 0.868 0.005 0.013 0.004 0.011 0.002
  39 T E  0.051 0.003 0.928 0.002 0.006 0.002 0.007 0.001
  40 L E  0.059 0.010 0.900 0.004 0.009 0.005 0.011 0.002
  41 C E  0.160 0.014 0.757 0.010 0.029 0.008 0.019 0.003
