# LABEL secstruct CLASSES [-HETSGBI]

   1 K -  0.487 0.038 0.177 0.108 0.127 0.032 0.021 0.010
   2 V -  0.489 0.055 0.217 0.070 0.107 0.032 0.020 0.009
   3 E -  0.496 0.084 0.146 0.091 0.116 0.036 0.020 0.010
   4 P -  0.297 0.280 0.068 0.152 0.116 0.055 0.020 0.012
   5 V H  0.204 0.422 0.060 0.140 0.090 0.052 0.018 0.014
   6 G H  0.219 0.291 0.063 0.213 0.130 0.054 0.017 0.013
   7 N H  0.228 0.380 0.065 0.143 0.101 0.053 0.017 0.013
   8 A H  0.169 0.526 0.094 0.080 0.059 0.043 0.018 0.010
   9 Y H  0.107 0.588 0.041 0.129 0.061 0.049 0.012 0.012
  10 G H  0.153 0.377 0.050 0.224 0.113 0.056 0.015 0.012
  11 H H  0.113 0.619 0.047 0.096 0.054 0.049 0.013 0.009
  12 W H  0.074 0.728 0.037 0.073 0.036 0.038 0.009 0.006
  13 T H  0.066 0.646 0.021 0.158 0.049 0.045 0.007 0.008
  14 K H  0.071 0.635 0.031 0.145 0.053 0.047 0.009 0.010
  15 H H  0.153 0.477 0.058 0.148 0.092 0.049 0.015 0.010
  16 G H  0.141 0.431 0.052 0.187 0.104 0.059 0.016 0.011
  17 K T  0.098 0.338 0.018 0.381 0.096 0.051 0.009 0.009
  18 E H  0.107 0.461 0.041 0.240 0.079 0.050 0.011 0.011
  19 F -  0.372 0.226 0.099 0.112 0.116 0.047 0.021 0.008
  20 P -  0.300 0.155 0.040 0.287 0.137 0.057 0.016 0.009
  21 E -  0.302 0.126 0.066 0.286 0.140 0.056 0.015 0.009
  22 Y -  0.448 0.116 0.179 0.089 0.099 0.039 0.022 0.007
  23 Q -  0.452 0.066 0.073 0.181 0.165 0.039 0.016 0.008
  24 N -  0.373 0.151 0.131 0.156 0.123 0.039 0.016 0.011
  25 A H  0.023 0.901 0.010 0.032 0.012 0.013 0.003 0.006
  26 K H  0.013 0.929 0.006 0.027 0.006 0.011 0.002 0.006
  27 Q H  0.010 0.949 0.005 0.016 0.005 0.009 0.002 0.004
  28 Y H  0.010 0.951 0.010 0.010 0.004 0.010 0.002 0.004
  29 V H  0.008 0.953 0.007 0.014 0.004 0.010 0.002 0.004
  30 D H  0.008 0.946 0.004 0.022 0.004 0.011 0.001 0.004
  31 A H  0.009 0.951 0.005 0.015 0.004 0.011 0.002 0.004
  32 A H  0.010 0.940 0.010 0.015 0.005 0.012 0.002 0.004
  33 H H  0.010 0.940 0.006 0.020 0.006 0.011 0.002 0.004
  34 N H  0.011 0.938 0.007 0.022 0.006 0.010 0.002 0.005
  35 F H  0.027 0.880 0.026 0.026 0.012 0.014 0.005 0.009
  36 M H  0.061 0.751 0.042 0.069 0.031 0.025 0.008 0.014
  37 T H  0.108 0.528 0.031 0.199 0.075 0.035 0.009 0.015
  38 N -  0.285 0.216 0.061 0.230 0.140 0.041 0.016 0.012
  39 P -  0.509 0.088 0.084 0.111 0.147 0.037 0.017 0.007
  40 P -  0.483 0.067 0.132 0.111 0.142 0.040 0.018 0.007
  41 P T  0.196 0.122 0.042 0.403 0.150 0.062 0.013 0.012
  42 G -  0.317 0.040 0.125 0.270 0.195 0.033 0.015 0.007
  43 T E  0.278 0.073 0.422 0.075 0.089 0.034 0.020 0.009
  44 L E  0.173 0.032 0.720 0.018 0.033 0.011 0.010 0.004
  45 T E  0.190 0.034 0.688 0.025 0.037 0.013 0.010 0.004
  46 K E  0.157 0.032 0.725 0.026 0.035 0.012 0.009 0.004
  47 T E  0.205 0.033 0.646 0.038 0.048 0.015 0.011 0.005
  48 R E  0.245 0.059 0.538 0.048 0.068 0.021 0.014 0.007
  49 P T  0.244 0.077 0.151 0.314 0.149 0.042 0.013 0.010
  50 N T  0.251 0.071 0.049 0.400 0.171 0.038 0.010 0.010
  51 G -  0.268 0.058 0.169 0.265 0.178 0.038 0.016 0.009
  52 D E  0.282 0.067 0.426 0.079 0.093 0.027 0.017 0.009
  53 T E  0.128 0.038 0.753 0.024 0.032 0.012 0.008 0.004
  54 L E  0.092 0.038 0.828 0.009 0.017 0.007 0.007 0.003
  55 Y E  0.102 0.022 0.828 0.012 0.019 0.007 0.007 0.003
  56 Y E  0.119 0.042 0.777 0.014 0.024 0.010 0.009 0.004
  57 N E  0.212 0.045 0.651 0.024 0.039 0.013 0.011 0.005
  58 P -  0.250 0.204 0.192 0.172 0.105 0.049 0.017 0.010
  59 V T  0.184 0.195 0.085 0.349 0.117 0.046 0.011 0.013
  60 T -  0.259 0.184 0.116 0.229 0.137 0.045 0.015 0.014
  61 N E  0.236 0.146 0.284 0.148 0.106 0.045 0.021 0.012
  62 V E  0.216 0.065 0.595 0.035 0.048 0.020 0.014 0.008
  63 F E  0.149 0.048 0.718 0.020 0.032 0.015 0.012 0.006
  64 A E  0.227 0.113 0.503 0.040 0.062 0.028 0.019 0.009
