# LABEL secstruct CLASSES [-HETSGBI]

   1 A H  0.115 0.624 0.036 0.100 0.064 0.037 0.011 0.013
   2 K H  0.062 0.767 0.022 0.074 0.034 0.025 0.006 0.011
   3 Q H  0.039 0.839 0.020 0.046 0.023 0.019 0.005 0.009
   4 Y H  0.051 0.826 0.032 0.033 0.024 0.020 0.006 0.007
   5 V H  0.035 0.864 0.025 0.030 0.018 0.017 0.005 0.006
   6 D H  0.029 0.868 0.017 0.042 0.017 0.018 0.003 0.006
   7 A H  0.034 0.869 0.020 0.033 0.016 0.018 0.004 0.005
   8 A H  0.050 0.818 0.038 0.037 0.022 0.022 0.006 0.006
   9 H H  0.038 0.846 0.024 0.040 0.020 0.021 0.005 0.006
  10 N H  0.032 0.856 0.018 0.045 0.018 0.020 0.004 0.006
  11 F H  0.053 0.801 0.044 0.039 0.025 0.024 0.007 0.007
  12 M H  0.078 0.709 0.055 0.068 0.037 0.033 0.010 0.011
  13 T H  0.129 0.480 0.042 0.197 0.081 0.045 0.011 0.016
  14 N -  0.294 0.205 0.059 0.222 0.143 0.047 0.017 0.013
  15 P -  0.501 0.081 0.079 0.124 0.149 0.039 0.018 0.008
  16 P -  0.487 0.065 0.109 0.121 0.150 0.042 0.019 0.007
  17 P T  0.211 0.089 0.042 0.403 0.166 0.064 0.014 0.011
  18 G -  0.336 0.034 0.110 0.263 0.207 0.030 0.014 0.006
  19 T E  0.243 0.051 0.505 0.064 0.079 0.030 0.018 0.009
  20 L E  0.105 0.009 0.845 0.010 0.018 0.005 0.005 0.002
  21 T E  0.104 0.008 0.849 0.010 0.017 0.004 0.006 0.003
  22 K E  0.085 0.010 0.864 0.011 0.016 0.005 0.006 0.003
  23 T E  0.141 0.010 0.783 0.020 0.028 0.006 0.007 0.004
  24 R E  0.221 0.036 0.626 0.033 0.050 0.015 0.013 0.005
  25 P T  0.207 0.075 0.164 0.336 0.150 0.044 0.013 0.011
  26 N T  0.222 0.066 0.041 0.438 0.173 0.041 0.009 0.010
  27 G -  0.289 0.026 0.157 0.271 0.204 0.032 0.014 0.007
  28 D E  0.275 0.048 0.469 0.068 0.090 0.025 0.016 0.009
  29 T E  0.088 0.008 0.867 0.009 0.016 0.004 0.005 0.002
  30 L E  0.054 0.007 0.921 0.003 0.007 0.002 0.004 0.002
  31 Y E  0.050 0.004 0.930 0.003 0.007 0.002 0.004 0.001
  32 Y E  0.077 0.013 0.881 0.006 0.011 0.003 0.005 0.003
  33 N E  0.147 0.013 0.793 0.012 0.020 0.005 0.008 0.003
  34 P -  0.224 0.220 0.218 0.175 0.093 0.044 0.015 0.011
  35 V T  0.117 0.221 0.101 0.391 0.104 0.042 0.009 0.014
  36 T T  0.226 0.178 0.107 0.285 0.138 0.040 0.012 0.014
  37 N E  0.196 0.117 0.361 0.152 0.108 0.039 0.017 0.010
  38 V E  0.138 0.023 0.772 0.018 0.026 0.009 0.008 0.004
  39 F E  0.044 0.006 0.929 0.004 0.009 0.003 0.004 0.002
  40 A E  0.066 0.021 0.873 0.009 0.015 0.006 0.007 0.003
  41 S E  0.080 0.021 0.851 0.011 0.019 0.006 0.007 0.004
  42 K E  0.161 0.047 0.700 0.026 0.038 0.011 0.012 0.005
  43 D E  0.280 0.041 0.516 0.054 0.071 0.018 0.014 0.007
  44 I T  0.194 0.112 0.138 0.342 0.148 0.044 0.013 0.009
  45 N T  0.242 0.075 0.056 0.402 0.167 0.037 0.010 0.011
  46 G T  0.207 0.112 0.123 0.314 0.167 0.049 0.017 0.010
  47 V E  0.304 0.090 0.315 0.122 0.106 0.031 0.018 0.013
  48 P E  0.195 0.068 0.615 0.036 0.046 0.019 0.014 0.007
  49 R E  0.275 0.076 0.429 0.075 0.089 0.028 0.018 0.010
  50 T E  0.170 0.045 0.672 0.031 0.046 0.014 0.013 0.008
  51 M E  0.139 0.047 0.731 0.019 0.032 0.013 0.013 0.005
  52 F E  0.165 0.038 0.709 0.024 0.037 0.011 0.011 0.006
  53 K E  0.246 0.045 0.535 0.064 0.073 0.018 0.013 0.007
  54 P -  0.378 0.073 0.359 0.055 0.085 0.025 0.017 0.007
  55 E -  0.327 0.125 0.108 0.218 0.142 0.050 0.018 0.012
  56 K T  0.279 0.122 0.056 0.294 0.173 0.051 0.013 0.011
  57 G H  0.229 0.255 0.067 0.213 0.150 0.055 0.018 0.012
  58 I H  0.095 0.667 0.041 0.090 0.049 0.038 0.010 0.010
  59 E H  0.081 0.684 0.031 0.102 0.046 0.037 0.008 0.011
  60 Y H  0.074 0.752 0.044 0.046 0.034 0.032 0.009 0.008
  61 W H  0.075 0.757 0.047 0.044 0.030 0.031 0.009 0.007
  62 N H  0.055 0.772 0.027 0.067 0.033 0.031 0.007 0.009
  63 K H  0.058 0.764 0.027 0.071 0.035 0.029 0.007 0.010
  64 Q H  0.084 0.729 0.059 0.045 0.034 0.029 0.010 0.010
