# LABEL secstruct CLASSES [-HETSGBI]

   1 K -  0.476 0.036 0.183 0.113 0.127 0.033 0.021 0.010
   2 V -  0.476 0.051 0.218 0.077 0.114 0.034 0.021 0.009
   3 E -  0.499 0.070 0.141 0.097 0.128 0.037 0.019 0.009
   4 P -  0.355 0.180 0.070 0.168 0.141 0.055 0.019 0.012
   5 V H  0.230 0.350 0.075 0.150 0.106 0.055 0.018 0.016
   6 G -  0.252 0.237 0.067 0.214 0.147 0.055 0.017 0.012
   7 N H  0.239 0.345 0.074 0.145 0.113 0.055 0.017 0.012
   8 A H  0.169 0.507 0.097 0.081 0.068 0.048 0.017 0.012
   9 Y H  0.123 0.555 0.063 0.118 0.067 0.048 0.013 0.013
  10 G H  0.149 0.405 0.057 0.198 0.106 0.057 0.015 0.013
  11 H H  0.125 0.586 0.065 0.090 0.062 0.049 0.013 0.010
  12 W H  0.082 0.706 0.055 0.062 0.040 0.037 0.010 0.008
  13 T H  0.076 0.636 0.031 0.142 0.054 0.043 0.008 0.010
  14 K H  0.083 0.620 0.034 0.136 0.059 0.047 0.010 0.011
  15 H H  0.148 0.492 0.073 0.124 0.087 0.050 0.015 0.011
  16 G H  0.151 0.435 0.063 0.163 0.103 0.057 0.016 0.013
  17 K T  0.114 0.334 0.024 0.352 0.104 0.051 0.010 0.011
  18 E H  0.120 0.447 0.043 0.229 0.086 0.053 0.012 0.011
  19 F -  0.325 0.238 0.126 0.116 0.114 0.050 0.021 0.010
  20 P T  0.287 0.136 0.043 0.306 0.148 0.055 0.015 0.010
  21 E -  0.293 0.122 0.068 0.286 0.151 0.054 0.015 0.010
  22 Y -  0.418 0.118 0.207 0.085 0.102 0.038 0.022 0.009
  23 Q -  0.417 0.083 0.093 0.183 0.160 0.038 0.016 0.010
  24 N -  0.343 0.160 0.134 0.163 0.131 0.038 0.017 0.014
  25 A H  0.051 0.811 0.025 0.051 0.028 0.021 0.005 0.009
  26 K H  0.036 0.835 0.016 0.058 0.023 0.019 0.004 0.009
  27 Q H  0.027 0.881 0.017 0.033 0.016 0.015 0.003 0.007
  28 Y H  0.034 0.873 0.027 0.022 0.016 0.017 0.005 0.006
  29 V H  0.028 0.880 0.022 0.028 0.016 0.016 0.004 0.006
  30 D H  0.029 0.864 0.019 0.043 0.017 0.018 0.003 0.007
  31 A H  0.031 0.880 0.022 0.028 0.013 0.017 0.004 0.005
  32 A H  0.044 0.836 0.039 0.031 0.019 0.020 0.005 0.006
  33 H H  0.033 0.859 0.022 0.039 0.017 0.019 0.004 0.007
  34 N H  0.029 0.867 0.018 0.043 0.016 0.017 0.004 0.007
  35 F H  0.052 0.798 0.050 0.037 0.023 0.022 0.007 0.010
  36 M H  0.080 0.697 0.060 0.072 0.038 0.030 0.010 0.014
  37 T H  0.129 0.482 0.050 0.189 0.080 0.041 0.011 0.018
  38 N -  0.283 0.230 0.080 0.199 0.131 0.045 0.017 0.015
  39 P -  0.467 0.098 0.102 0.125 0.141 0.039 0.018 0.009
  40 P -  0.451 0.075 0.140 0.125 0.140 0.041 0.019 0.009
  41 P T  0.204 0.132 0.045 0.381 0.147 0.063 0.014 0.013
  42 G -  0.317 0.048 0.115 0.272 0.190 0.035 0.015 0.008
  43 T E  0.267 0.082 0.412 0.084 0.090 0.036 0.019 0.010
  44 L E  0.158 0.033 0.736 0.019 0.031 0.010 0.009 0.004
  45 T E  0.151 0.029 0.742 0.023 0.032 0.011 0.009 0.004
  46 K E  0.134 0.033 0.754 0.024 0.032 0.011 0.009 0.004
  47 T E  0.193 0.035 0.657 0.038 0.046 0.014 0.011 0.006
  48 R E  0.257 0.067 0.512 0.050 0.068 0.022 0.016 0.008
  49 P T  0.257 0.079 0.146 0.298 0.152 0.043 0.014 0.011
  50 N T  0.244 0.072 0.042 0.409 0.169 0.042 0.010 0.010
  51 G -  0.283 0.053 0.130 0.278 0.193 0.038 0.015 0.009
  52 D E  0.288 0.075 0.390 0.087 0.103 0.030 0.017 0.010
  53 T E  0.135 0.037 0.748 0.023 0.032 0.012 0.009 0.005
  54 L E  0.084 0.040 0.834 0.009 0.016 0.007 0.007 0.003
  55 Y E  0.086 0.026 0.844 0.011 0.017 0.006 0.006 0.003
  56 Y E  0.113 0.044 0.784 0.014 0.023 0.009 0.008 0.004
  57 N E  0.169 0.046 0.706 0.021 0.032 0.011 0.010 0.005
  58 P -  0.233 0.209 0.194 0.186 0.104 0.046 0.016 0.012
  59 V T  0.157 0.201 0.100 0.357 0.115 0.043 0.011 0.015
  60 T T  0.234 0.200 0.110 0.245 0.136 0.045 0.014 0.015
  61 N E  0.205 0.149 0.304 0.157 0.114 0.042 0.017 0.012
  62 V E  0.156 0.069 0.669 0.032 0.039 0.017 0.011 0.007
  63 F E  0.089 0.045 0.808 0.014 0.022 0.010 0.007 0.005
  64 A E  0.104 0.079 0.739 0.021 0.027 0.014 0.010 0.005
  65 S E  0.132 0.070 0.707 0.024 0.035 0.015 0.011 0.006
  66 K E  0.200 0.093 0.561 0.046 0.058 0.021 0.014 0.007
  67 D E  0.282 0.076 0.438 0.066 0.086 0.026 0.016 0.009
  68 I T  0.209 0.115 0.113 0.341 0.152 0.046 0.013 0.011
  69 N T  0.239 0.091 0.057 0.377 0.169 0.043 0.011 0.012
  70 G T  0.216 0.124 0.117 0.293 0.170 0.053 0.017 0.011
  71 V -  0.299 0.112 0.263 0.137 0.118 0.039 0.019 0.013
  72 P E  0.219 0.094 0.525 0.052 0.060 0.026 0.016 0.008
  73 R E  0.277 0.091 0.413 0.071 0.087 0.031 0.019 0.011
  74 T E  0.190 0.075 0.590 0.043 0.056 0.022 0.015 0.010
  75 M E  0.159 0.086 0.644 0.029 0.039 0.022 0.015 0.007
  76 F E  0.176 0.067 0.635 0.032 0.049 0.019 0.014 0.008
  77 K E  0.244 0.072 0.491 0.068 0.077 0.024 0.015 0.009
  78 P E  0.335 0.100 0.346 0.067 0.092 0.031 0.018 0.010
  79 E -  0.303 0.143 0.111 0.221 0.139 0.051 0.018 0.014
  80 K T  0.277 0.127 0.061 0.292 0.166 0.051 0.014 0.013
  81 G H  0.229 0.264 0.072 0.204 0.145 0.055 0.018 0.013
  82 I H  0.130 0.572 0.055 0.111 0.065 0.043 0.012 0.012
  83 E H  0.105 0.614 0.039 0.120 0.058 0.041 0.010 0.012
  84 Y H  0.091 0.699 0.056 0.055 0.043 0.035 0.011 0.010
  85 W H  0.091 0.701 0.061 0.055 0.039 0.035 0.010 0.009
  86 N H  0.077 0.705 0.037 0.084 0.043 0.035 0.008 0.011
  87 K H  0.080 0.694 0.035 0.091 0.045 0.035 0.009 0.011
  88 Q H  0.108 0.658 0.073 0.057 0.045 0.034 0.012 0.012
