# LABEL secstruct CLASSES [-HETSGBI]

   1 S -  0.525 0.116 0.060 0.108 0.128 0.040 0.016 0.006
   2 Q H  0.078 0.717 0.013 0.112 0.038 0.029 0.007 0.007
   3 E H  0.069 0.736 0.014 0.099 0.034 0.032 0.007 0.008
   4 T H  0.082 0.746 0.025 0.063 0.032 0.032 0.009 0.010
   5 R H  0.056 0.802 0.015 0.057 0.023 0.030 0.007 0.009
   6 K H  0.054 0.781 0.008 0.087 0.027 0.030 0.006 0.008
   7 K H  0.083 0.703 0.016 0.101 0.040 0.038 0.008 0.011
   8 C H  0.104 0.704 0.039 0.053 0.034 0.038 0.013 0.015
   9 T H  0.076 0.710 0.012 0.101 0.036 0.045 0.009 0.012
  10 E H  0.072 0.695 0.010 0.121 0.037 0.047 0.008 0.010
  11 M H  0.093 0.709 0.023 0.071 0.036 0.046 0.011 0.013
  12 K H  0.103 0.685 0.019 0.080 0.040 0.050 0.010 0.013
  13 K H  0.095 0.559 0.013 0.197 0.060 0.057 0.009 0.011
  14 K H  0.124 0.526 0.019 0.182 0.074 0.055 0.010 0.010
  15 F -  0.351 0.170 0.190 0.111 0.088 0.058 0.022 0.011
  16 K -  0.344 0.075 0.041 0.290 0.169 0.062 0.014 0.005
  17 N -  0.365 0.039 0.054 0.289 0.186 0.050 0.012 0.004
  18 C -  0.458 0.025 0.283 0.077 0.105 0.031 0.017 0.004
  19 E E  0.336 0.011 0.488 0.050 0.079 0.019 0.014 0.003
  20 V E  0.235 0.003 0.699 0.012 0.030 0.008 0.011 0.002
  21 R E  0.303 0.005 0.596 0.020 0.046 0.013 0.014 0.003
  22 C -  0.415 0.012 0.390 0.056 0.086 0.020 0.017 0.004
  23 D -  0.539 0.018 0.221 0.064 0.108 0.027 0.020 0.004
  24 E -  0.340 0.034 0.045 0.302 0.212 0.050 0.013 0.004
  25 S -  0.345 0.048 0.064 0.264 0.204 0.058 0.013 0.004
  26 N -  0.350 0.042 0.048 0.252 0.217 0.071 0.015 0.005
  27 H -  0.394 0.024 0.096 0.209 0.216 0.042 0.014 0.004
  28 C E  0.390 0.016 0.405 0.056 0.082 0.025 0.021 0.005
  29 V E  0.199 0.006 0.719 0.017 0.035 0.010 0.011 0.003
  30 E E  0.181 0.004 0.748 0.015 0.030 0.009 0.011 0.003
  31 V E  0.166 0.006 0.764 0.014 0.027 0.010 0.011 0.003
  32 R E  0.238 0.007 0.661 0.024 0.045 0.012 0.011 0.003
  33 C E  0.370 0.019 0.423 0.061 0.082 0.024 0.016 0.005
  34 S T  0.289 0.043 0.085 0.299 0.223 0.047 0.011 0.004
  35 D T  0.234 0.067 0.040 0.390 0.202 0.053 0.010 0.004
  36 T -  0.384 0.055 0.269 0.111 0.117 0.042 0.017 0.006
  37 K E  0.323 0.021 0.467 0.062 0.083 0.025 0.016 0.004
  38 Y E  0.183 0.011 0.728 0.016 0.035 0.011 0.013 0.003
  39 T E  0.164 0.010 0.750 0.019 0.032 0.010 0.011 0.003
  40 L E  0.169 0.030 0.708 0.022 0.035 0.017 0.015 0.006
  41 C E  0.235 0.038 0.601 0.036 0.045 0.021 0.018 0.006
