# LABEL secstruct CLASSES [-HETSGBI]

   1 S -  0.855 0.002 0.012 0.006 0.112 0.000 0.012 0.000
   2 Q H  0.008 0.963 0.000 0.018 0.006 0.003 0.000 0.002
   3 E H  0.003 0.988 0.000 0.004 0.001 0.001 0.000 0.004
   4 T H  0.001 0.993 0.000 0.002 0.000 0.000 0.000 0.003
   5 R H  0.003 0.984 0.000 0.009 0.002 0.001 0.000 0.002
   6 K H  0.002 0.987 0.000 0.006 0.001 0.001 0.000 0.003
   7 K H  0.001 0.993 0.000 0.002 0.000 0.001 0.000 0.003
   8 C H  0.000 0.996 0.000 0.001 0.000 0.000 0.000 0.003
   9 T H  0.000 0.992 0.000 0.003 0.000 0.002 0.000 0.003
  10 E H  0.001 0.986 0.000 0.008 0.000 0.002 0.000 0.003
  11 M H  0.001 0.992 0.000 0.001 0.000 0.002 0.000 0.003
  12 K H  0.001 0.986 0.000 0.005 0.001 0.002 0.000 0.005
  13 K H  0.002 0.969 0.000 0.011 0.002 0.003 0.000 0.012
  14 K H  0.001 0.972 0.000 0.009 0.001 0.005 0.000 0.012
  15 F H  0.003 0.818 0.000 0.061 0.002 0.094 0.000 0.022
  16 K T  0.009 0.206 0.001 0.622 0.033 0.078 0.001 0.050
  17 N T  0.080 0.013 0.017 0.599 0.200 0.072 0.005 0.014
  18 C E  0.254 0.000 0.619 0.001 0.077 0.000 0.048 0.000
  19 E E  0.031 0.000 0.962 0.000 0.002 0.000 0.005 0.000
  20 V E  0.006 0.000 0.991 0.000 0.001 0.000 0.003 0.000
  21 R E  0.013 0.000 0.981 0.000 0.002 0.000 0.003 0.000
  22 C E  0.065 0.000 0.918 0.000 0.005 0.000 0.012 0.000
  23 D E  0.404 0.000 0.541 0.001 0.024 0.000 0.029 0.000
  24 E T  0.019 0.246 0.000 0.598 0.084 0.039 0.000 0.014
  25 S T  0.012 0.005 0.000 0.807 0.141 0.033 0.000 0.001
  26 N S  0.184 0.000 0.007 0.308 0.479 0.014 0.006 0.001
  27 H T  0.101 0.003 0.003 0.501 0.339 0.051 0.002 0.002
  28 C E  0.104 0.000 0.831 0.001 0.049 0.000 0.016 0.000
  29 V E  0.026 0.000 0.966 0.000 0.002 0.000 0.006 0.000
  30 E E  0.002 0.000 0.997 0.000 0.000 0.000 0.001 0.000
  31 V E  0.003 0.000 0.996 0.000 0.000 0.000 0.002 0.000
  32 R E  0.006 0.000 0.990 0.000 0.001 0.000 0.003 0.000
  33 C E  0.099 0.000 0.846 0.002 0.029 0.000 0.023 0.000
  34 S -  0.505 0.000 0.257 0.008 0.178 0.002 0.050 0.000
  35 D S  0.110 0.009 0.008 0.381 0.457 0.032 0.002 0.002
  36 T S  0.105 0.002 0.054 0.182 0.620 0.018 0.017 0.001
  37 K E  0.120 0.048 0.467 0.047 0.266 0.029 0.022 0.001
  38 Y E  0.141 0.072 0.697 0.003 0.018 0.009 0.058 0.002
  39 T E  0.054 0.146 0.745 0.005 0.009 0.017 0.021 0.005
  40 L E  0.052 0.201 0.652 0.006 0.015 0.040 0.020 0.013
  41 C E  0.036 0.246 0.649 0.003 0.006 0.015 0.035 0.009
