# LABEL secstruct CLASSES [-HETSGBI]

   1 K -  0.597 0.018 0.135 0.075 0.121 0.027 0.022 0.005
   2 V -  0.572 0.039 0.151 0.059 0.112 0.034 0.026 0.007
   3 E -  0.648 0.037 0.122 0.045 0.095 0.027 0.020 0.006
   4 P -  0.380 0.200 0.074 0.134 0.112 0.061 0.023 0.014
   5 V H  0.238 0.366 0.047 0.173 0.081 0.061 0.018 0.017
   6 G -  0.263 0.258 0.074 0.216 0.109 0.050 0.018 0.013
   7 N -  0.306 0.287 0.097 0.123 0.086 0.062 0.022 0.017
   8 A H  0.165 0.528 0.083 0.070 0.060 0.054 0.022 0.019
   9 Y H  0.079 0.642 0.036 0.132 0.037 0.048 0.011 0.016
  10 G H  0.108 0.512 0.047 0.196 0.068 0.044 0.012 0.013
  11 H H  0.144 0.559 0.056 0.097 0.050 0.063 0.016 0.016
  12 W H  0.094 0.644 0.048 0.079 0.045 0.062 0.013 0.015
  13 T H  0.068 0.548 0.028 0.221 0.047 0.066 0.009 0.014
  14 K H  0.050 0.602 0.019 0.208 0.039 0.061 0.007 0.013
  15 H H  0.174 0.319 0.064 0.232 0.113 0.065 0.017 0.015
  16 G H  0.238 0.284 0.037 0.220 0.136 0.057 0.016 0.011
  17 K T  0.083 0.205 0.020 0.498 0.093 0.081 0.010 0.010
  18 E T  0.087 0.245 0.022 0.404 0.113 0.102 0.015 0.012
  19 F -  0.308 0.164 0.096 0.152 0.161 0.083 0.025 0.011
  20 P T  0.232 0.071 0.028 0.367 0.189 0.089 0.015 0.008
  21 E T  0.237 0.065 0.037 0.391 0.168 0.075 0.018 0.008
  22 Y -  0.556 0.041 0.115 0.063 0.144 0.048 0.027 0.007
  23 Q -  0.494 0.028 0.048 0.157 0.214 0.036 0.016 0.005
  24 N -  0.683 0.041 0.059 0.049 0.130 0.015 0.016 0.007
  25 A H  0.014 0.909 0.006 0.036 0.006 0.013 0.003 0.012
  26 K H  0.010 0.930 0.004 0.030 0.004 0.011 0.002 0.009
  27 Q H  0.012 0.948 0.004 0.015 0.004 0.009 0.002 0.007
  28 Y H  0.013 0.944 0.010 0.009 0.003 0.010 0.003 0.009
  29 V H  0.005 0.964 0.005 0.008 0.002 0.009 0.002 0.006
  30 D H  0.005 0.961 0.003 0.013 0.002 0.011 0.001 0.004
  31 A H  0.007 0.953 0.006 0.011 0.002 0.013 0.002 0.006
  32 A H  0.010 0.938 0.010 0.014 0.003 0.013 0.003 0.008
  33 H H  0.007 0.949 0.005 0.017 0.002 0.011 0.002 0.007
  34 N H  0.015 0.915 0.006 0.032 0.005 0.012 0.002 0.012
  35 F H  0.024 0.866 0.017 0.042 0.010 0.020 0.005 0.017
  36 M H  0.042 0.668 0.025 0.165 0.027 0.040 0.010 0.023
  37 T H  0.080 0.421 0.021 0.333 0.060 0.056 0.010 0.019
  38 N -  0.375 0.094 0.045 0.231 0.172 0.055 0.017 0.011
  39 P -  0.658 0.028 0.065 0.053 0.146 0.028 0.017 0.005
  40 P -  0.591 0.023 0.090 0.072 0.167 0.032 0.021 0.004
  41 P T  0.134 0.076 0.022 0.549 0.130 0.071 0.010 0.007
  42 G T  0.131 0.045 0.054 0.511 0.208 0.033 0.011 0.005
  43 T -  0.458 0.037 0.254 0.072 0.118 0.029 0.026 0.007
  44 L E  0.170 0.026 0.714 0.017 0.036 0.013 0.020 0.004
  45 T E  0.176 0.015 0.752 0.009 0.025 0.008 0.012 0.003
  46 K E  0.157 0.013 0.773 0.010 0.026 0.008 0.012 0.002
  47 T E  0.210 0.012 0.714 0.013 0.031 0.008 0.012 0.002
  48 R E  0.407 0.023 0.445 0.022 0.067 0.014 0.019 0.004
  49 P T  0.189 0.036 0.075 0.415 0.216 0.046 0.015 0.007
  50 N T  0.119 0.036 0.023 0.591 0.172 0.045 0.010 0.005
  51 G T  0.221 0.036 0.113 0.334 0.239 0.035 0.017 0.006
  52 D E  0.311 0.028 0.494 0.040 0.084 0.017 0.021 0.005
  53 T E  0.104 0.016 0.832 0.008 0.019 0.007 0.012 0.003
  54 L E  0.070 0.026 0.868 0.006 0.012 0.006 0.009 0.003
  55 Y E  0.080 0.016 0.868 0.006 0.013 0.006 0.009 0.002
  56 Y E  0.116 0.023 0.813 0.007 0.018 0.007 0.013 0.003
  57 N E  0.251 0.027 0.647 0.011 0.035 0.010 0.015 0.003
  58 P T  0.186 0.121 0.138 0.301 0.150 0.069 0.023 0.011
  59 V T  0.093 0.086 0.031 0.581 0.135 0.056 0.010 0.008
  60 T T  0.223 0.079 0.063 0.329 0.215 0.063 0.018 0.010
  61 N T  0.215 0.083 0.180 0.245 0.177 0.061 0.026 0.013
  62 V E  0.206 0.031 0.658 0.021 0.043 0.014 0.020 0.006
  63 F E  0.126 0.029 0.778 0.012 0.024 0.011 0.015 0.005
  64 A E  0.218 0.058 0.603 0.022 0.048 0.018 0.024 0.008
