# LABEL secstruct CLASSES [-HETSGBI]

   1 A H  0.227 0.488 0.035 0.109 0.067 0.039 0.014 0.020
   2 K H  0.076 0.736 0.024 0.084 0.029 0.031 0.007 0.014
   3 Q H  0.046 0.813 0.021 0.057 0.021 0.024 0.005 0.011
   4 Y H  0.039 0.844 0.024 0.037 0.017 0.022 0.006 0.012
   5 V H  0.028 0.875 0.022 0.030 0.012 0.019 0.005 0.009
   6 D H  0.031 0.860 0.021 0.041 0.014 0.021 0.004 0.008
   7 A H  0.035 0.855 0.023 0.036 0.016 0.023 0.005 0.008
   8 A H  0.046 0.850 0.025 0.027 0.018 0.021 0.006 0.009
   9 H H  0.027 0.870 0.019 0.034 0.014 0.023 0.005 0.009
  10 N H  0.032 0.843 0.019 0.048 0.017 0.026 0.004 0.011
  11 F H  0.048 0.796 0.035 0.047 0.021 0.032 0.007 0.013
  12 M H  0.043 0.716 0.032 0.114 0.029 0.043 0.009 0.015
  13 T H  0.095 0.391 0.031 0.327 0.069 0.060 0.011 0.017
  14 N -  0.319 0.108 0.045 0.267 0.172 0.059 0.017 0.012
  15 P -  0.612 0.026 0.058 0.081 0.164 0.034 0.018 0.006
  16 P -  0.582 0.023 0.073 0.087 0.172 0.036 0.021 0.005
  17 P T  0.183 0.059 0.025 0.493 0.161 0.061 0.012 0.007
  18 G T  0.149 0.023 0.060 0.487 0.237 0.028 0.011 0.005
  19 T E  0.351 0.019 0.389 0.079 0.108 0.022 0.025 0.006
  20 L E  0.088 0.007 0.854 0.011 0.020 0.006 0.012 0.002
  21 T E  0.071 0.003 0.906 0.002 0.007 0.002 0.006 0.001
  22 K E  0.074 0.003 0.901 0.003 0.009 0.002 0.007 0.001
  23 T E  0.104 0.002 0.865 0.004 0.014 0.003 0.007 0.001
  24 R E  0.358 0.009 0.536 0.014 0.053 0.010 0.018 0.003
  25 P T  0.163 0.031 0.068 0.450 0.221 0.046 0.014 0.007
  26 N T  0.091 0.024 0.016 0.652 0.166 0.039 0.008 0.004
  27 G T  0.200 0.015 0.087 0.396 0.262 0.021 0.013 0.004
  28 D E  0.289 0.012 0.548 0.036 0.081 0.011 0.020 0.004
  29 T E  0.059 0.003 0.913 0.004 0.010 0.002 0.008 0.001
  30 L E  0.026 0.002 0.962 0.001 0.003 0.001 0.004 0.001
  31 Y E  0.026 0.001 0.965 0.001 0.002 0.001 0.004 0.000
  32 Y E  0.067 0.003 0.909 0.002 0.008 0.002 0.008 0.001
  33 N E  0.203 0.004 0.750 0.005 0.021 0.003 0.012 0.001
  34 P T  0.133 0.104 0.138 0.363 0.160 0.065 0.024 0.012
  35 V T  0.043 0.056 0.023 0.694 0.118 0.050 0.009 0.008
  36 T T  0.160 0.069 0.056 0.395 0.229 0.064 0.015 0.011
  37 N T  0.142 0.051 0.220 0.303 0.202 0.047 0.021 0.012
  38 V E  0.112 0.005 0.841 0.006 0.020 0.003 0.010 0.002
  39 F E  0.032 0.003 0.955 0.001 0.004 0.001 0.004 0.001
  40 A E  0.077 0.008 0.885 0.004 0.011 0.003 0.010 0.002
  41 S E  0.079 0.005 0.888 0.004 0.012 0.003 0.009 0.002
  42 K E  0.131 0.009 0.815 0.007 0.021 0.004 0.011 0.002
  43 D E  0.325 0.014 0.537 0.020 0.071 0.011 0.017 0.004
  44 I T  0.120 0.057 0.053 0.509 0.193 0.049 0.012 0.008
  45 N T  0.092 0.041 0.024 0.628 0.168 0.034 0.008 0.005
  46 G T  0.175 0.057 0.081 0.419 0.207 0.039 0.014 0.008
  47 V E  0.313 0.025 0.445 0.066 0.103 0.016 0.025 0.008
  48 P E  0.246 0.024 0.603 0.027 0.056 0.014 0.024 0.005
  49 R E  0.230 0.018 0.590 0.042 0.080 0.013 0.021 0.005
  50 T E  0.195 0.012 0.688 0.025 0.051 0.007 0.017 0.005
  51 M E  0.124 0.014 0.790 0.016 0.030 0.008 0.015 0.004
  52 F E  0.138 0.013 0.792 0.010 0.025 0.007 0.011 0.003
  53 K E  0.246 0.023 0.565 0.049 0.079 0.015 0.018 0.005
  54 P -  0.504 0.032 0.262 0.041 0.109 0.022 0.024 0.005
  55 E -  0.394 0.045 0.079 0.212 0.200 0.044 0.018 0.007
  56 K -  0.351 0.056 0.034 0.260 0.233 0.045 0.014 0.007
  57 G -  0.320 0.160 0.043 0.205 0.196 0.046 0.019 0.012
  58 I H  0.112 0.562 0.043 0.142 0.057 0.053 0.014 0.017
  59 E H  0.093 0.626 0.035 0.120 0.053 0.050 0.010 0.014
  60 Y H  0.084 0.714 0.052 0.052 0.032 0.040 0.011 0.014
  61 W H  0.050 0.781 0.033 0.052 0.024 0.038 0.009 0.012
  62 N H  0.038 0.796 0.020 0.070 0.022 0.037 0.006 0.011
  63 K H  0.037 0.811 0.021 0.062 0.021 0.033 0.005 0.010
  64 Q H  0.067 0.750 0.042 0.054 0.027 0.035 0.011 0.014
