# LABEL secstruct CLASSES [-HETSGBI]

   1 K -  0.574 0.018 0.149 0.079 0.126 0.027 0.022 0.006
   2 V -  0.540 0.031 0.190 0.062 0.113 0.031 0.026 0.007
   3 E -  0.646 0.024 0.136 0.043 0.104 0.023 0.019 0.005
   4 P -  0.510 0.068 0.087 0.117 0.142 0.045 0.022 0.009
   5 V H  0.262 0.328 0.059 0.165 0.092 0.059 0.019 0.016
   6 G -  0.309 0.189 0.103 0.200 0.121 0.047 0.019 0.012
   7 N -  0.334 0.243 0.131 0.108 0.092 0.055 0.022 0.015
   8 A H  0.158 0.485 0.129 0.075 0.061 0.052 0.022 0.017
   9 Y H  0.095 0.584 0.063 0.130 0.047 0.052 0.013 0.016
  10 G H  0.127 0.467 0.062 0.187 0.078 0.051 0.014 0.014
  11 H H  0.148 0.536 0.078 0.091 0.059 0.058 0.016 0.015
  12 W H  0.091 0.637 0.070 0.075 0.044 0.054 0.014 0.015
  13 T H  0.079 0.547 0.037 0.198 0.053 0.062 0.010 0.014
  14 K H  0.069 0.561 0.028 0.206 0.053 0.059 0.009 0.014
  15 H H  0.189 0.299 0.082 0.215 0.115 0.065 0.019 0.016
  16 G H  0.245 0.278 0.057 0.198 0.134 0.057 0.018 0.013
  17 K T  0.096 0.219 0.024 0.468 0.094 0.078 0.010 0.010
  18 E T  0.091 0.240 0.027 0.414 0.111 0.091 0.014 0.012
  19 F -  0.314 0.146 0.107 0.162 0.162 0.073 0.024 0.012
  20 P T  0.241 0.055 0.031 0.386 0.193 0.073 0.014 0.007
  21 E T  0.270 0.053 0.046 0.357 0.183 0.065 0.018 0.008
  22 Y -  0.560 0.039 0.150 0.055 0.129 0.035 0.024 0.007
  23 Q -  0.480 0.028 0.066 0.159 0.209 0.036 0.016 0.006
  24 N -  0.626 0.047 0.076 0.069 0.138 0.020 0.016 0.008
  25 A H  0.033 0.833 0.018 0.058 0.017 0.022 0.005 0.014
  26 K H  0.024 0.865 0.013 0.054 0.012 0.019 0.003 0.010
  27 Q H  0.023 0.896 0.014 0.029 0.010 0.016 0.003 0.008
  28 Y H  0.025 0.886 0.024 0.021 0.010 0.017 0.005 0.011
  29 V H  0.016 0.916 0.016 0.019 0.007 0.015 0.003 0.008
  30 D H  0.020 0.897 0.017 0.029 0.009 0.018 0.003 0.007
  31 A H  0.026 0.878 0.026 0.025 0.011 0.020 0.005 0.008
  32 A H  0.037 0.865 0.026 0.024 0.014 0.019 0.006 0.010
  33 H H  0.020 0.897 0.015 0.029 0.009 0.018 0.004 0.008
  34 N H  0.027 0.864 0.017 0.042 0.013 0.021 0.004 0.012
  35 F H  0.042 0.809 0.032 0.047 0.018 0.029 0.007 0.016
  36 M H  0.056 0.658 0.038 0.137 0.034 0.046 0.011 0.021
  37 T H  0.102 0.418 0.034 0.290 0.068 0.058 0.011 0.019
  38 N -  0.347 0.115 0.054 0.233 0.164 0.056 0.018 0.013
  39 P -  0.615 0.030 0.068 0.074 0.157 0.032 0.018 0.006
  40 P -  0.580 0.027 0.085 0.082 0.166 0.034 0.021 0.005
  41 P T  0.187 0.080 0.029 0.466 0.154 0.065 0.012 0.008
  42 G T  0.169 0.043 0.068 0.455 0.214 0.033 0.013 0.006
  43 T -  0.385 0.027 0.370 0.065 0.101 0.024 0.023 0.006
  44 L E  0.162 0.019 0.739 0.015 0.033 0.011 0.017 0.004
  45 T E  0.139 0.014 0.797 0.008 0.021 0.007 0.010 0.003
  46 K E  0.135 0.011 0.802 0.009 0.023 0.007 0.010 0.002
  47 T E  0.185 0.009 0.745 0.011 0.030 0.007 0.011 0.002
  48 R E  0.401 0.019 0.447 0.024 0.071 0.015 0.020 0.004
  49 P T  0.223 0.030 0.071 0.382 0.227 0.045 0.015 0.007
  50 N T  0.127 0.031 0.020 0.584 0.183 0.042 0.009 0.005
  51 G T  0.236 0.028 0.086 0.350 0.251 0.029 0.015 0.005
  52 D E  0.305 0.028 0.492 0.045 0.088 0.016 0.021 0.005
  53 T E  0.094 0.014 0.846 0.008 0.018 0.006 0.011 0.003
  54 L E  0.048 0.021 0.905 0.004 0.008 0.004 0.007 0.002
  55 Y E  0.057 0.013 0.905 0.004 0.009 0.004 0.007 0.002
  56 Y E  0.100 0.021 0.832 0.007 0.017 0.007 0.012 0.003
  57 N E  0.240 0.025 0.665 0.010 0.033 0.009 0.015 0.003
  58 P T  0.166 0.129 0.131 0.320 0.154 0.065 0.023 0.012
  59 V T  0.068 0.074 0.028 0.636 0.126 0.051 0.010 0.008
  60 T T  0.185 0.087 0.069 0.362 0.209 0.061 0.016 0.011
  61 N T  0.158 0.065 0.232 0.284 0.180 0.046 0.021 0.012
  62 V E  0.116 0.027 0.794 0.014 0.024 0.009 0.012 0.004
  63 F E  0.053 0.015 0.905 0.005 0.009 0.004 0.007 0.002
  64 A E  0.105 0.034 0.800 0.013 0.023 0.009 0.013 0.004
  65 S E  0.124 0.018 0.803 0.010 0.022 0.007 0.012 0.003
  66 K E  0.193 0.032 0.688 0.019 0.037 0.012 0.015 0.004
  67 D E  0.361 0.033 0.452 0.030 0.082 0.017 0.020 0.006
  68 I T  0.137 0.067 0.052 0.487 0.184 0.053 0.012 0.008
  69 N T  0.122 0.060 0.033 0.551 0.174 0.044 0.010 0.006
  70 G T  0.206 0.064 0.080 0.373 0.207 0.045 0.016 0.009
  71 V -  0.355 0.033 0.351 0.083 0.120 0.025 0.025 0.008
  72 P E  0.305 0.037 0.498 0.037 0.071 0.021 0.025 0.007
  73 R E  0.243 0.031 0.558 0.045 0.076 0.019 0.021 0.007
  74 T E  0.199 0.028 0.647 0.032 0.054 0.015 0.019 0.007
  75 M E  0.144 0.042 0.701 0.031 0.038 0.018 0.020 0.007
  76 F E  0.137 0.032 0.756 0.016 0.029 0.012 0.013 0.005
  77 K E  0.243 0.039 0.540 0.055 0.077 0.021 0.020 0.006
  78 P -  0.462 0.049 0.279 0.046 0.106 0.026 0.024 0.007
  79 E -  0.390 0.051 0.091 0.207 0.189 0.045 0.019 0.008
  80 K -  0.357 0.058 0.039 0.257 0.220 0.047 0.015 0.008
  81 G -  0.325 0.145 0.052 0.204 0.194 0.049 0.020 0.012
  82 I H  0.144 0.494 0.056 0.144 0.071 0.057 0.016 0.017
  83 E H  0.123 0.544 0.047 0.136 0.067 0.056 0.012 0.014
  84 Y H  0.109 0.639 0.069 0.064 0.046 0.045 0.014 0.015
  85 W H  0.071 0.715 0.047 0.063 0.035 0.043 0.012 0.013
  86 N H  0.059 0.742 0.028 0.079 0.031 0.042 0.008 0.012
  87 K H  0.059 0.744 0.028 0.078 0.032 0.040 0.008 0.011
  88 Q H  0.086 0.701 0.049 0.061 0.036 0.040 0.012 0.015
